185
A_Andaman_071559_021107_2007-11-02    0.0000000 0.0107303 0.0050544 0.0219202 0.0101990 0.0102200 0.0113687 0.0050646 0.0022304 0.0219325 0.0027901 0.0107900 0.0195627 0.0131149 0.0154180 0.0219372 0.0016715 0.0050454 0.0067776 0.0061870 0.0090071 0.0124673 0.0055974 0.0073345 0.0101719 0.0039106 0.0084297 0.0039106 0.0044727 0.0061826 0.0136031 0.0232116 0.0207586 0.0207245 0.0224702 0.0236864 0.0148025 0.0195061 0.0136516 0.0061864 0.0039197 0.0061634 0.0101949 0.0119252 0.0130811 0.0130705 0.0107719 0.0101990 0.0113757 0.0119231 0.0136908 0.0125040 0.0107819 0.0107822 0.0130751 0.0130920 0.0130437 0.0189650 0.0529016 0.0565270 0.0119259 0.0107738 0.0275144 0.0102138 0.0113494 0.0142261 0.0148334 0.0136467 0.0039106 0.0084297 0.0084297 0.0016714 0.0148436 0.0171812 0.0148127 0.0153945 0.0183675 0.0148248 0.0130734 0.0547429 0.0067361 0.0107547 0.0090063 0.0067548 0.0560510 0.0553487 0.0553934 0.0560510 0.0561604 0.0219467 0.0201503 0.0553953 0.0213096 0.0244515 0.0299904 0.0238178 0.0307905 0.0101646 0.0016717 0.0000010 0.0160001 0.0171787 0.0189824 0.0195574 0.0177538 0.0119115 0.0044793 0.0171820 0.0113015 0.0113172 0.0039182 0.0141862 0.0073021 0.0084600 0.0089988 0.0073110 0.0061613 0.0050472 0.0084431 0.0039104 0.0067537 0.0078583 0.0078592 0.0061606 0.0119266 0.0067496 0.0073417 0.0119379 0.0102048 0.0136467 0.0373841 0.0148334 0.0101766 0.0067621 0.0033486 0.0084393 0.0078648 0.0171787 0.0189824 0.0268827 0.0274885 0.0177682 0.0377673 0.0148497 0.0214016 0.0033556 0.0056151 0.0084597 0.0183302 0.0027965 0.0039111 0.0033504 0.0022336 0.0011151 0.0044723 0.0159728 0.0171290 0.0142265 0.0160123 0.0142265 0.0050344 0.0050468 0.0073039 0.0078708 0.0119564 0.0027942 0.0067357 0.0044796 0.0093158 0.0113505 0.0136722 0.0236963 0.0166087 0.0154343 0.0118735 0.0148567 0.0160053 0.0125105 0.0125013 0.0160195 0.0136678 0.0130799 0.0113361 0.0130336 0.0090182 
A_Bangladesh_1695_2007_2007-06-06     0.0107303 0.0000000 0.0127646 0.0260590 0.0171499 0.0181896 0.0171701 0.0134473 0.0117278 0.0257223 0.0113995 0.0168307 0.0243421 0.0181938 0.0195331 0.0267642 0.0107386 0.0127514 0.0141397 0.0141187 0.0141399 0.0176490 0.0153182 0.0183563 0.0200490 0.0135893 0.0153289 0.0135893 0.0141665 0.0101500 0.0112510 0.0249662 0.0225008 0.0212799 0.0230243 0.0242407 0.0084349 0.0200608 0.0165294 0.0142280 0.0118983 0.0159019 0.0183403 0.0201127 0.0212950 0.0212774 0.0189322 0.0183478 0.0195704 0.0201091 0.0219375 0.0207055 0.0189502 0.0189508 0.0212850 0.0213130 0.0170671 0.0124872 0.0571462 0.0608155 0.0174907 0.0188523 0.0300656 0.0178601 0.0174890 0.0205311 0.0215767 0.0201910 0.0123955 0.0143877 0.0143937 0.0103716 0.0188999 0.0212576 0.0153680 0.0159497 0.0236436 0.0200497 0.0182738 0.0565878 0.0165010 0.0206565 0.0159231 0.0107304 0.0578991 0.0571934 0.0572398 0.0578991 0.0580112 0.0236923 0.0218894 0.0572417 0.0218646 0.0178214 0.0232242 0.0279739 0.0239668 0.0129974 0.0112956 0.0107364 0.0200637 0.0189070 0.0207195 0.0212948 0.0183092 0.0159322 0.0084252 0.0255033 0.0005545 0.0084185 0.0136167 0.0158952 0.0158837 0.0167482 0.0174934 0.0159025 0.0158964 0.0130515 0.0175930 0.0126402 0.0137074 0.0163278 0.0172811 0.0150998 0.0201150 0.0147987 0.0154297 0.0201346 0.0183584 0.0218652 0.0397474 0.0230940 0.0161206 0.0151314 0.0121397 0.0147679 0.0141780 0.0188460 0.0206524 0.0302665 0.0313415 0.0208529 0.0420507 0.0192858 0.0240200 0.0072934 0.0095758 0.0147533 0.0188851 0.0124723 0.0135912 0.0130170 0.0130559 0.0119023 0.0141653 0.0242459 0.0215467 0.0208714 0.0198811 0.0198507 0.0140718 0.0130860 0.0112372 0.0209460 0.0201663 0.0124614 0.0164999 0.0141895 0.0169579 0.0207370 0.0219069 0.0277395 0.0206164 0.0194347 0.0011074 0.0188557 0.0200055 0.0164904 0.0164783 0.0200233 0.0176533 0.0170599 0.0050230 0.0066961 0.0027753 
A_Bangladesh_2009_2008_2008-07-15     0.0050544 0.0127646 0.0000000 0.0141088 0.0055074 0.0064969 0.0055137 0.0019333 0.0058281 0.0137793 0.0055031 0.0051866 0.0124448 0.0064982 0.0078044 0.0147852 0.0055029 0.0000010 0.0032330 0.0032283 0.0130522 0.0165662 0.0084500 0.0113914 0.0130822 0.0067468 0.0078870 0.0067468 0.0073147 0.0101988 0.0182962 0.0244910 0.0220180 0.0219816 0.0249322 0.0249622 0.0171870 0.0219388 0.0160268 0.0033575 0.0011143 0.0090225 0.0073244 0.0090390 0.0101845 0.0101762 0.0078954 0.0073273 0.0096335 0.0090374 0.0107822 0.0096123 0.0079036 0.0079038 0.0101798 0.0101928 0.0171502 0.0213986 0.0574510 0.0611431 0.0058349 0.0071470 0.0302048 0.0061723 0.0058344 0.0087820 0.0097808 0.0084531 0.0061515 0.0077933 0.0077965 0.0041222 0.0189927 0.0213624 0.0171989 0.0177863 0.0225676 0.0189684 0.0171898 0.0595061 0.0096053 0.0136737 0.0084641 0.0107821 0.0608330 0.0601164 0.0601658 0.0608330 0.0609522 0.0232138 0.0214046 0.0601678 0.0225700 0.0269525 0.0325527 0.0281143 0.0333764 0.0130560 0.0056163 0.0050572 0.0201623 0.0195922 0.0214184 0.0219970 0.0201712 0.0160098 0.0084650 0.0142435 0.0136463 0.0154009 0.0078981 0.0183041 0.0094673 0.0103998 0.0110587 0.0094782 0.0090194 0.0022320 0.0109211 0.0062792 0.0036330 0.0099420 0.0105190 0.0087943 0.0090400 0.0061740 0.0044945 0.0090485 0.0073314 0.0107478 0.0399575 0.0119186 0.0051754 0.0042043 0.0068264 0.0096104 0.0090313 0.0195286 0.0213487 0.0304101 0.0314985 0.0209485 0.0445932 0.0193744 0.0241301 0.0073279 0.0096227 0.0125069 0.0207517 0.0067646 0.0078838 0.0073163 0.0073376 0.0061993 0.0073140 0.0130524 0.0097677 0.0091112 0.0081361 0.0081242 0.0087885 0.0016070 0.0112911 0.0152005 0.0090625 0.0067588 0.0096046 0.0061800 0.0087183 0.0096266 0.0107677 0.0278775 0.0195041 0.0195300 0.0141775 0.0189481 0.0201035 0.0165707 0.0165584 0.0201215 0.0177394 0.0171430 0.0136444 0.0153463 0.0113066 
A_Bangladesh_2012_2010_2010-08-19     0.0219202 0.0260590 0.0141088 0.0000000 0.0097492 0.0104230 0.0097605 0.0147961 0.0188349 0.0022492 0.0185004 0.0091009 0.0016051 0.0107555 0.0107453 0.0038647 0.0184998 0.0140942 0.0147802 0.0147582 0.0303155 0.0340435 0.0254612 0.0286769 0.0303883 0.0236775 0.0248838 0.0236775 0.0242742 0.0273582 0.0333934 0.0388065 0.0361807 0.0361186 0.0422844 0.0392204 0.0347350 0.0372641 0.0335277 0.0201138 0.0177350 0.0260669 0.0135986 0.0118798 0.0147612 0.0141737 0.0118781 0.0113059 0.0136392 0.0136025 0.0147969 0.0136088 0.0118891 0.0118895 0.0141787 0.0141970 0.0322044 0.0392368 0.0746419 0.0786233 0.0100804 0.0114057 0.0471182 0.0104280 0.0100794 0.0123879 0.0140638 0.0127191 0.0191640 0.0208792 0.0208880 0.0206542 0.0354364 0.0379212 0.0347603 0.0353779 0.0404475 0.0366259 0.0347413 0.0768125 0.0266983 0.0290590 0.0255059 0.0279849 0.0782021 0.0774356 0.0775026 0.0782021 0.0783611 0.0374277 0.0355296 0.0775053 0.0367270 0.0451908 0.0498451 0.0419199 0.0521292 0.0300693 0.0224980 0.0219329 0.0378932 0.0360151 0.0379647 0.0360664 0.0379106 0.0334902 0.0255093 0.0182839 0.0309609 0.0328202 0.0249216 0.0333936 0.0265053 0.0272642 0.0281628 0.0265376 0.0260579 0.0189084 0.0275050 0.0231365 0.0202746 0.0269020 0.0261072 0.0255246 0.0118812 0.0182848 0.0201364 0.0141963 0.0113124 0.0147492 0.0578378 0.0159367 0.0167590 0.0157709 0.0237600 0.0261125 0.0260912 0.0358958 0.0378383 0.0477665 0.0485050 0.0375321 0.0624894 0.0359481 0.0407739 0.0243211 0.0267490 0.0297881 0.0385102 0.0237439 0.0248732 0.0242799 0.0243549 0.0231589 0.0242721 0.0170733 0.0140439 0.0133829 0.0124054 0.0123872 0.0219277 0.0144304 0.0284156 0.0311842 0.0130645 0.0237224 0.0266964 0.0243147 0.0242115 0.0218694 0.0141977 0.0447084 0.0371464 0.0371924 0.0314601 0.0353518 0.0377804 0.0340563 0.0340300 0.0378153 0.0352834 0.0346448 0.0309583 0.0327012 0.0284564 
A_Bangladesh_2363_2009_2009-05-06     0.0101990 0.0171499 0.0055074 0.0097492 0.0000000 0.0022525 0.0012851 0.0061681 0.0101126 0.0094233 0.0097842 0.0009633 0.0081093 0.0022520 0.0035442 0.0104131 0.0097839 0.0055017 0.0061616 0.0061526 0.0183223 0.0219033 0.0136413 0.0166665 0.0183650 0.0119124 0.0130736 0.0119124 0.0124894 0.0154353 0.0212874 0.0300148 0.0274832 0.0274371 0.0304276 0.0304646 0.0225457 0.0273831 0.0213703 0.0084680 0.0061818 0.0142243 0.0022270 0.0016700 0.0033470 0.0027854 0.0005558 0.0000010 0.0022334 0.0022276 0.0033547 0.0022286 0.0005563 0.0005563 0.0027863 0.0027898 0.0224968 0.0268478 0.0622306 0.0660055 0.0016056 0.0028967 0.0354154 0.0019317 0.0016054 0.0045108 0.0054902 0.0041877 0.0104382 0.0121063 0.0121113 0.0098978 0.0231956 0.0255967 0.0225616 0.0231585 0.0280304 0.0243614 0.0225495 0.0643197 0.0148214 0.0189708 0.0136647 0.0160320 0.0656653 0.0649342 0.0649884 0.0656653 0.0657954 0.0286988 0.0268554 0.0649907 0.0280333 0.0325263 0.0382368 0.0336969 0.0391097 0.0190106 0.0107663 0.0102048 0.0255783 0.0237682 0.0256250 0.0262069 0.0255898 0.0213472 0.0136663 0.0067357 0.0189322 0.0207196 0.0130927 0.0236639 0.0154252 0.0162990 0.0170420 0.0154435 0.0142194 0.0073169 0.0171252 0.0121699 0.0094456 0.0158738 0.0156371 0.0146454 0.0016702 0.0067361 0.0084772 0.0039112 0.0000010 0.0033444 0.0451328 0.0044736 0.0081113 0.0071369 0.0127442 0.0148296 0.0142371 0.0236907 0.0255411 0.0357551 0.0358562 0.0260424 0.0501305 0.0244623 0.0292479 0.0125128 0.0148487 0.0177818 0.0261765 0.0119449 0.0130681 0.0124923 0.0125298 0.0113731 0.0124883 0.0055916 0.0054829 0.0048340 0.0038685 0.0038629 0.0131198 0.0058287 0.0165181 0.0204481 0.0016742 0.0119344 0.0148204 0.0125097 0.0131843 0.0101763 0.0033504 0.0321873 0.0248951 0.0249248 0.0194543 0.0231408 0.0255032 0.0219100 0.0218935 0.0255263 0.0230972 0.0224877 0.0189299 0.0206457 0.0165410 
A_Bangladesh_2425_2009_2009-06-06     0.0102200 0.0181896 0.0064969 0.0104230 0.0022525 0.0000000 0.0022551 0.0071555 0.0111226 0.0100963 0.0107930 0.0019312 0.0091071 0.0032272 0.0045219 0.0104309 0.0107917 0.0064902 0.0071539 0.0071435 0.0183603 0.0219491 0.0136694 0.0167012 0.0184032 0.0119369 0.0131005 0.0119369 0.0125151 0.0154673 0.0213317 0.0282576 0.0257366 0.0256934 0.0280506 0.0287158 0.0225929 0.0256429 0.0196432 0.0084853 0.0061945 0.0142537 0.0022315 0.0011148 0.0033538 0.0027910 0.0005569 0.0000010 0.0022379 0.0022321 0.0033615 0.0022331 0.0005574 0.0005574 0.0027920 0.0027954 0.0225438 0.0269045 0.0604037 0.0641604 0.0025759 0.0038721 0.0349324 0.0029017 0.0025756 0.0051669 0.0064766 0.0051669 0.0114489 0.0131239 0.0131293 0.0109763 0.0214621 0.0238585 0.0208321 0.0214279 0.0262863 0.0226279 0.0208210 0.0624873 0.0148521 0.0190103 0.0136929 0.0160652 0.0638305 0.0631024 0.0631549 0.0638305 0.0639569 0.0269498 0.0251114 0.0631571 0.0262891 0.0325960 0.0376907 0.0337690 0.0391948 0.0201345 0.0107884 0.0102258 0.0238414 0.0220355 0.0238848 0.0244670 0.0238520 0.0213918 0.0136945 0.0067494 0.0189715 0.0207628 0.0131197 0.0237134 0.0165452 0.0174090 0.0181688 0.0165649 0.0142487 0.0073318 0.0165937 0.0132731 0.0105304 0.0169894 0.0150979 0.0157440 0.0011149 0.0067498 0.0084945 0.0033567 0.0000010 0.0033511 0.0446792 0.0044827 0.0091094 0.0081322 0.0138532 0.0142665 0.0142665 0.0219636 0.0238065 0.0352606 0.0341030 0.0255449 0.0496587 0.0239611 0.0287569 0.0125386 0.0148795 0.0178187 0.0244387 0.0119695 0.0130950 0.0125180 0.0125556 0.0113965 0.0125140 0.0039152 0.0064680 0.0058178 0.0048488 0.0048417 0.0141427 0.0068187 0.0165522 0.0204902 0.0016776 0.0119590 0.0148511 0.0125354 0.0132143 0.0084826 0.0027934 0.0304409 0.0231650 0.0231926 0.0194946 0.0214114 0.0237713 0.0201860 0.0201709 0.0237928 0.0213711 0.0207638 0.0189692 0.0206886 0.0165752 
A_Bangladesh_3012_2009_2009-04-16     0.0113687 0.0171701 0.0055137 0.0097605 0.0012851 0.0022551 0.0000000 0.0061752 0.0101243 0.0094342 0.0097956 0.0009644 0.0081186 0.0016081 0.0035476 0.0104252 0.0097952 0.0055081 0.0061687 0.0061597 0.0195305 0.0231313 0.0148257 0.0178740 0.0195763 0.0130889 0.0142562 0.0130889 0.0136687 0.0166324 0.0225110 0.0312957 0.0287475 0.0286990 0.0317022 0.0317409 0.0237794 0.0286423 0.0225992 0.0096278 0.0073290 0.0154118 0.0033510 0.0027922 0.0044768 0.0039118 0.0016726 0.0011144 0.0033607 0.0033519 0.0044871 0.0033535 0.0016741 0.0016742 0.0039132 0.0039180 0.0225437 0.0281076 0.0636814 0.0674851 0.0016074 0.0028995 0.0366176 0.0019336 0.0016072 0.0045152 0.0054966 0.0041918 0.0104502 0.0121204 0.0121254 0.0109721 0.0244353 0.0268483 0.0237963 0.0243961 0.0292947 0.0256052 0.0237835 0.0643053 0.0160131 0.0201861 0.0148512 0.0172329 0.0656504 0.0649197 0.0649738 0.0656504 0.0657804 0.0299691 0.0281156 0.0649760 0.0292977 0.0338218 0.0382303 0.0349957 0.0404502 0.0201268 0.0119378 0.0113752 0.0268289 0.0250094 0.0268781 0.0274618 0.0268409 0.0225746 0.0148530 0.0078832 0.0201448 0.0219419 0.0142772 0.0248991 0.0165388 0.0174023 0.0181618 0.0165585 0.0154065 0.0084705 0.0182872 0.0132680 0.0105264 0.0169829 0.0168071 0.0157380 0.0027925 0.0078837 0.0096383 0.0050446 0.0011151 0.0044732 0.0463330 0.0056097 0.0081207 0.0071451 0.0138478 0.0160219 0.0154257 0.0249276 0.0267898 0.0369890 0.0371547 0.0272109 0.0514189 0.0256283 0.0304242 0.0136944 0.0160428 0.0189905 0.0274298 0.0131247 0.0142502 0.0136719 0.0137130 0.0125508 0.0136675 0.0067312 0.0054892 0.0048406 0.0038730 0.0038673 0.0131351 0.0058354 0.0177142 0.0216535 0.0027992 0.0131131 0.0160120 0.0136909 0.0144913 0.0113432 0.0044813 0.0334679 0.0261383 0.0261697 0.0206653 0.0243775 0.0267499 0.0231385 0.0231210 0.0267742 0.0243314 0.0237181 0.0189274 0.0218634 0.0177390 
A_Bangladesh_3017_2008_2008-07-09     0.0050646 0.0134473 0.0019333 0.0147961 0.0061681 0.0071555 0.0061752 0.0000000 0.0064891 0.0144658 0.0061633 0.0058470 0.0131273 0.0071628 0.0084723 0.0144721 0.0061631 0.0019313 0.0038876 0.0038820 0.0130791 0.0166005 0.0084672 0.0114149 0.0131092 0.0067605 0.0079031 0.0067605 0.0073296 0.0102198 0.0183342 0.0227483 0.0202856 0.0202522 0.0231997 0.0232277 0.0172227 0.0202128 0.0143138 0.0033643 0.0011165 0.0090409 0.0073393 0.0090575 0.0102054 0.0101971 0.0079116 0.0073422 0.0096534 0.0090560 0.0108045 0.0096320 0.0079198 0.0079200 0.0102007 0.0102138 0.0171858 0.0214435 0.0556368 0.0593108 0.0064967 0.0078129 0.0285944 0.0068305 0.0064961 0.0094522 0.0104545 0.0091223 0.0068131 0.0084603 0.0084638 0.0041299 0.0172711 0.0196361 0.0154835 0.0160697 0.0208378 0.0172490 0.0154753 0.0550728 0.0096250 0.0137020 0.0084824 0.0108043 0.0563905 0.0556822 0.0557285 0.0563905 0.0565003 0.0214791 0.0196749 0.0557304 0.0208400 0.0270097 0.0326224 0.0281739 0.0334484 0.0130807 0.0056278 0.0050675 0.0184395 0.0178686 0.0196875 0.0202663 0.0184476 0.0160430 0.0084833 0.0142730 0.0136744 0.0154327 0.0079153 0.0183421 0.0094853 0.0104194 0.0110798 0.0094962 0.0090378 0.0022365 0.0109428 0.0062912 0.0036399 0.0099608 0.0105401 0.0088108 0.0090586 0.0061866 0.0045036 0.0090671 0.0073464 0.0107699 0.0383907 0.0119432 0.0058344 0.0048612 0.0068394 0.0096302 0.0090498 0.0178106 0.0196233 0.0287593 0.0297574 0.0193423 0.0405970 0.0177645 0.0225274 0.0073428 0.0096425 0.0125327 0.0190280 0.0067784 0.0078999 0.0073312 0.0073526 0.0062119 0.0073289 0.0113532 0.0104406 0.0097823 0.0088052 0.0087924 0.0094591 0.0022545 0.0113143 0.0152316 0.0090811 0.0067726 0.0096243 0.0073411 0.0087380 0.0079300 0.0107899 0.0261431 0.0189968 0.0178119 0.0142067 0.0172304 0.0183857 0.0148607 0.0148497 0.0184021 0.0160273 0.0154331 0.0136725 0.0153780 0.0113298 
A_Bangladesh_30376_2007_2007-06-07    0.0022304 0.0117278 0.0058281 0.0188349 0.0101126 0.0111226 0.0101243 0.0064891 0.0000000 0.0185027 0.0028947 0.0097923 0.0171502 0.0111249 0.0124441 0.0195226 0.0028946 0.0058221 0.0078131 0.0078017 0.0101400 0.0136101 0.0055932 0.0084814 0.0101640 0.0039076 0.0089912 0.0039076 0.0044693 0.0073119 0.0153251 0.0231927 0.0207419 0.0207079 0.0236389 0.0236672 0.0159522 0.0206678 0.0147996 0.0061817 0.0039167 0.0061587 0.0101869 0.0119158 0.0130708 0.0130602 0.0107635 0.0101910 0.0125221 0.0119138 0.0136800 0.0124942 0.0107735 0.0107738 0.0130648 0.0130816 0.0118825 0.0201284 0.0539704 0.0575970 0.0104452 0.0117776 0.0273179 0.0107960 0.0104442 0.0134298 0.0144470 0.0130965 0.0038647 0.0077675 0.0077707 0.0015361 0.0159966 0.0183394 0.0159632 0.0165463 0.0195290 0.0159763 0.0142201 0.0559972 0.0067310 0.0107463 0.0095687 0.0078862 0.0573081 0.0566032 0.0566491 0.0573081 0.0574201 0.0219290 0.0201341 0.0566510 0.0212924 0.0256339 0.0311884 0.0226032 0.0319975 0.0103745 0.0027882 0.0022316 0.0171549 0.0183367 0.0201469 0.0207223 0.0189123 0.0130550 0.0056031 0.0171683 0.0124403 0.0124576 0.0050412 0.0153316 0.0067918 0.0077476 0.0083694 0.0067996 0.0061566 0.0050434 0.0081332 0.0036385 0.0062530 0.0072770 0.0076958 0.0061670 0.0119172 0.0067445 0.0073360 0.0119285 0.0101968 0.0136359 0.0370499 0.0148216 0.0097711 0.0087927 0.0041728 0.0084328 0.0078588 0.0182775 0.0200816 0.0274498 0.0283688 0.0181374 0.0415090 0.0165686 0.0213018 0.0044773 0.0067429 0.0095944 0.0194893 0.0039179 0.0050321 0.0044703 0.0044832 0.0033573 0.0022279 0.0159602 0.0144272 0.0137633 0.0127822 0.0127631 0.0061448 0.0061491 0.0084067 0.0122966 0.0119470 0.0039146 0.0067305 0.0044762 0.0099363 0.0125129 0.0136614 0.0247886 0.0177092 0.0165357 0.0129718 0.0159592 0.0171052 0.0136136 0.0136036 0.0171204 0.0147695 0.0141816 0.0124385 0.0141314 0.0101203 
A_Bangladesh_3161_2010_2010-09-16     0.0219325 0.0257223 0.0137793 0.0022492 0.0094233 0.0100963 0.0094342 0.0144658 0.0185027 0.0000000 0.0181682 0.0087750 0.0012839 0.0104285 0.0104186 0.0035419 0.0181676 0.0137650 0.0144503 0.0144288 0.0303328 0.0340631 0.0254756 0.0286933 0.0304057 0.0236909 0.0248979 0.0236909 0.0242879 0.0273737 0.0334125 0.0388292 0.0362017 0.0361395 0.0423090 0.0392432 0.0347550 0.0372856 0.0335470 0.0201251 0.0177450 0.0260817 0.0136061 0.0118864 0.0147694 0.0141816 0.0118847 0.0113122 0.0136468 0.0136100 0.0148051 0.0136164 0.0118957 0.0118961 0.0141866 0.0142049 0.0322228 0.0392596 0.0746878 0.0786723 0.0097542 0.0110787 0.0471438 0.0101011 0.0097533 0.0120606 0.0137354 0.0123917 0.0188317 0.0205458 0.0205544 0.0206649 0.0354569 0.0379432 0.0347804 0.0353983 0.0404710 0.0366471 0.0347614 0.0768599 0.0267134 0.0290755 0.0255203 0.0280008 0.0782505 0.0774834 0.0775505 0.0782505 0.0784097 0.0374494 0.0355502 0.0775532 0.0367483 0.0452175 0.0498748 0.0419445 0.0521605 0.0300851 0.0225107 0.0219453 0.0379152 0.0360359 0.0379867 0.0360873 0.0379325 0.0335094 0.0255238 0.0182941 0.0309786 0.0304087 0.0249357 0.0334128 0.0265193 0.0272785 0.0281777 0.0265516 0.0260727 0.0189190 0.0275201 0.0231487 0.0202852 0.0269162 0.0261217 0.0255378 0.0118877 0.0182950 0.0201477 0.0142041 0.0113186 0.0147574 0.0578685 0.0159456 0.0164288 0.0154408 0.0237726 0.0261273 0.0261060 0.0359165 0.0378602 0.0477931 0.0485334 0.0375524 0.0625256 0.0359676 0.0407959 0.0243349 0.0267642 0.0298051 0.0385325 0.0237573 0.0248873 0.0242936 0.0243687 0.0231720 0.0242858 0.0170828 0.0137159 0.0130552 0.0120777 0.0120600 0.0209107 0.0141010 0.0284317 0.0300011 0.0130717 0.0237358 0.0267115 0.0243284 0.0242266 0.0218817 0.0142056 0.0447345 0.0371678 0.0372138 0.0314780 0.0353722 0.0378022 0.0340759 0.0340495 0.0378372 0.0353037 0.0346647 0.0309760 0.0327199 0.0284725 
A_Bangladesh_4699_2007_2007-04-26     0.0027901 0.0113995 0.0055031 0.0185004 0.0097842 0.0107930 0.0097956 0.0061633 0.0028947 0.0181682 0.0000000 0.0094638 0.0168167 0.0107954 0.0121140 0.0191875 0.0006415 0.0054974 0.0074859 0.0074749 0.0107126 0.0141883 0.0039069 0.0090539 0.0084506 0.0022281 0.0095605 0.0022281 0.0027873 0.0078804 0.0135927 0.0237915 0.0213350 0.0212999 0.0242346 0.0242636 0.0165349 0.0212587 0.0153809 0.0067489 0.0044797 0.0044695 0.0107613 0.0124931 0.0136498 0.0136387 0.0113389 0.0107656 0.0131016 0.0124909 0.0142612 0.0130724 0.0113494 0.0113497 0.0136435 0.0136611 0.0147668 0.0207199 0.0546214 0.0582580 0.0101166 0.0114479 0.0278741 0.0104665 0.0101156 0.0130994 0.0141155 0.0127663 0.0016063 0.0074423 0.0074453 0.0020488 0.0165810 0.0189275 0.0165463 0.0171303 0.0201193 0.0165599 0.0148005 0.0566522 0.0050374 0.0090299 0.0101394 0.0084571 0.0579651 0.0572585 0.0573050 0.0579651 0.0580786 0.0225239 0.0207257 0.0573070 0.0218852 0.0262375 0.0318025 0.0255990 0.0326167 0.0109010 0.0033484 0.0027917 0.0177407 0.0189247 0.0207390 0.0213148 0.0195008 0.0136333 0.0061681 0.0177545 0.0130159 0.0130340 0.0056056 0.0159119 0.0052140 0.0061858 0.0067865 0.0052200 0.0044680 0.0056081 0.0064931 0.0020743 0.0067790 0.0057062 0.0060340 0.0046161 0.0124945 0.0073121 0.0079065 0.0125064 0.0107718 0.0142152 0.0375985 0.0154038 0.0094433 0.0084651 0.0046978 0.0067318 0.0061616 0.0188636 0.0206717 0.0280200 0.0289708 0.0186846 0.0420941 0.0171157 0.0218504 0.0050409 0.0073104 0.0101667 0.0200784 0.0044810 0.0055955 0.0050329 0.0050475 0.0039199 0.0027871 0.0165432 0.0140962 0.0134327 0.0124517 0.0124331 0.0058201 0.0058242 0.0089741 0.0128655 0.0125258 0.0044772 0.0050371 0.0027917 0.0105662 0.0130919 0.0142418 0.0253851 0.0182948 0.0171194 0.0135463 0.0165422 0.0176893 0.0141920 0.0141815 0.0177050 0.0153496 0.0147604 0.0130141 0.0147081 0.0106908 
A_Bangladesh_483_2009_2009-05-01      0.0107900 0.0168307 0.0051866 0.0091009 0.0009633 0.0019312 0.0009644 0.0058470 0.0097923 0.0087750 0.0094638 0.0000000 0.0077896 0.0019322 0.0032223 0.0100938 0.0094635 0.0051812 0.0058408 0.0058323 0.0189382 0.0225317 0.0142420 0.0172809 0.0189825 0.0125080 0.0136730 0.0125080 0.0130868 0.0160436 0.0219131 0.0306758 0.0281339 0.0280866 0.0304502 0.0311236 0.0231774 0.0280312 0.0219988 0.0090529 0.0067588 0.0148270 0.0027899 0.0016725 0.0039135 0.0033498 0.0011140 0.0005567 0.0016736 0.0027906 0.0039225 0.0027919 0.0011150 0.0011151 0.0033510 0.0033551 0.0231271 0.0274958 0.0630034 0.0667964 0.0012852 0.0025751 0.0360393 0.0016100 0.0012851 0.0038670 0.0051704 0.0038670 0.0101181 0.0117863 0.0117912 0.0104405 0.0238308 0.0262396 0.0231938 0.0237927 0.0286815 0.0249995 0.0231814 0.0651006 0.0154266 0.0195907 0.0142665 0.0166426 0.0664508 0.0657165 0.0657716 0.0664508 0.0657791 0.0293535 0.0275036 0.0657738 0.0286845 0.0331966 0.0382984 0.0343697 0.0398079 0.0195800 0.0113586 0.0107962 0.0262207 0.0244046 0.0262687 0.0268519 0.0262325 0.0219749 0.0142682 0.0073132 0.0195508 0.0213443 0.0136931 0.0242972 0.0159912 0.0168602 0.0176120 0.0160102 0.0148219 0.0078983 0.0171505 0.0127260 0.0099913 0.0164378 0.0156604 0.0152002 0.0016727 0.0073136 0.0090627 0.0039169 0.0005570 0.0039104 0.0457618 0.0050440 0.0077916 0.0068166 0.0133034 0.0148403 0.0148403 0.0243248 0.0261825 0.0363957 0.0365303 0.0266430 0.0508090 0.0250606 0.0298545 0.0131114 0.0154551 0.0183976 0.0268207 0.0125422 0.0136673 0.0130898 0.0131292 0.0119689 0.0130857 0.0061644 0.0051635 0.0041910 0.0035483 0.0032203 0.0127997 0.0055082 0.0171267 0.0210640 0.0022372 0.0125311 0.0154256 0.0131081 0.0138468 0.0107659 0.0033528 0.0328497 0.0255333 0.0255638 0.0200724 0.0237745 0.0261436 0.0225387 0.0225217 0.0261673 0.0237296 0.0231177 0.0195484 0.0212680 0.0171505 
A_Bangladesh_5004_2010_2010-07-10     0.0195627 0.0243421 0.0124448 0.0016051 0.0081093 0.0091071 0.0081186 0.0131273 0.0171502 0.0012839 0.0168167 0.0077896 0.0000000 0.0091088 0.0091002 0.0022501 0.0168162 0.0124319 0.0131132 0.0130938 0.0279119 0.0316141 0.0230875 0.0262678 0.0279786 0.0213130 0.0225114 0.0213130 0.0219063 0.0249655 0.0309702 0.0363225 0.0337198 0.0336622 0.0404241 0.0367474 0.0322964 0.0348075 0.0310941 0.0177698 0.0154075 0.0236893 0.0113037 0.0107372 0.0124588 0.0118760 0.0095914 0.0090220 0.0113373 0.0113069 0.0124887 0.0113122 0.0096003 0.0096006 0.0118802 0.0118954 0.0297854 0.0367626 0.0719393 0.0758803 0.0084388 0.0097581 0.0447914 0.0087822 0.0084380 0.0113983 0.0124044 0.0110679 0.0174788 0.0191858 0.0191938 0.0184922 0.0329880 0.0354587 0.0323198 0.0329339 0.0379691 0.0341741 0.0323022 0.0740948 0.0243143 0.0266660 0.0231279 0.0255868 0.0754766 0.0747169 0.0747812 0.0754766 0.0756294 0.0349596 0.0330744 0.0747838 0.0342680 0.0426676 0.0485765 0.0394204 0.0495423 0.0278553 0.0201390 0.0195740 0.0354326 0.0335662 0.0354991 0.0336138 0.0354488 0.0310596 0.0231309 0.0159579 0.0285508 0.0303975 0.0225454 0.0309706 0.0242833 0.0250663 0.0259342 0.0243127 0.0236811 0.0165744 0.0263554 0.0209341 0.0180974 0.0246910 0.0249464 0.0233424 0.0107385 0.0159587 0.0177896 0.0130469 0.0090271 0.0124487 0.0555436 0.0136256 0.0150876 0.0141015 0.0215483 0.0243280 0.0237112 0.0334552 0.0353812 0.0453781 0.0459888 0.0352384 0.0600476 0.0336534 0.0384761 0.0219485 0.0243602 0.0273812 0.0360465 0.0213724 0.0225019 0.0219114 0.0219788 0.0207895 0.0219044 0.0147596 0.0123878 0.0117290 0.0107531 0.0107374 0.0202280 0.0127665 0.0260293 0.0288007 0.0107651 0.0213532 0.0243126 0.0219427 0.0216023 0.0195176 0.0124719 0.0422138 0.0346979 0.0347405 0.0290551 0.0329094 0.0353273 0.0316256 0.0316012 0.0353599 0.0328459 0.0322125 0.0285481 0.0302875 0.0260665 
A_Bangladesh_5014_2009_2009-05-17     0.0131149 0.0181938 0.0064982 0.0107555 0.0022520 0.0032272 0.0016081 0.0071628 0.0111249 0.0104285 0.0107954 0.0019322 0.0091088 0.0000000 0.0045228 0.0114226 0.0107950 0.0064915 0.0071553 0.0071448 0.0213213 0.0249457 0.0165883 0.0196663 0.0213714 0.0148425 0.0160171 0.0148425 0.0154255 0.0184111 0.0243201 0.0331762 0.0306072 0.0305554 0.0335729 0.0336140 0.0256015 0.0304948 0.0244158 0.0113621 0.0090492 0.0171781 0.0050416 0.0044809 0.0061741 0.0056052 0.0033553 0.0027945 0.0050561 0.0050431 0.0061884 0.0050453 0.0033583 0.0033584 0.0056071 0.0056141 0.0255455 0.0299616 0.0649680 0.0687888 0.0025764 0.0038729 0.0377365 0.0029046 0.0025761 0.0054933 0.0064779 0.0051679 0.0114514 0.0131267 0.0131322 0.0125757 0.0262653 0.0286921 0.0256197 0.0262230 0.0311536 0.0274394 0.0256059 0.0641390 0.0177848 0.0219863 0.0166170 0.0190164 0.0654802 0.0647517 0.0648056 0.0654802 0.0656096 0.0318359 0.0299702 0.0648078 0.0311568 0.0357201 0.0388320 0.0368972 0.0424051 0.0217795 0.0136859 0.0131225 0.0286713 0.0268407 0.0287241 0.0293096 0.0286842 0.0237491 0.0166190 0.0096029 0.0219411 0.0237499 0.0160408 0.0267217 0.0181929 0.0190398 0.0198227 0.0182147 0.0171722 0.0101961 0.0200108 0.0149037 0.0121405 0.0186295 0.0185450 0.0173620 0.0044814 0.0096034 0.0113745 0.0067463 0.0027961 0.0061693 0.0474298 0.0073146 0.0091112 0.0081337 0.0154911 0.0177946 0.0171937 0.0267526 0.0286295 0.0381367 0.0383625 0.0289311 0.0525858 0.0273471 0.0321515 0.0154547 0.0178179 0.0207829 0.0292753 0.0148833 0.0160104 0.0154291 0.0154758 0.0143072 0.0154242 0.0084393 0.0064693 0.0058189 0.0048497 0.0048427 0.0141458 0.0068200 0.0194898 0.0234369 0.0044922 0.0148701 0.0177836 0.0154508 0.0164383 0.0130853 0.0061804 0.0353448 0.0273669 0.0273999 0.0224586 0.0262031 0.0285866 0.0249538 0.0249349 0.0286127 0.0261533 0.0255353 0.0188827 0.0236646 0.0195172 
A_Bangladesh_7772_2009_2009-05-08     0.0154180 0.0195331 0.0078044 0.0107453 0.0035442 0.0045219 0.0035476 0.0084723 0.0124441 0.0104186 0.0121140 0.0032223 0.0091002 0.0045228 0.0000000 0.0114118 0.0121136 0.0077963 0.0084633 0.0084510 0.0236598 0.0273049 0.0189032 0.0220117 0.0237157 0.0171505 0.0183314 0.0171505 0.0177361 0.0207422 0.0266740 0.0355971 0.0330089 0.0329527 0.0359797 0.0360238 0.0279687 0.0304401 0.0267794 0.0136541 0.0113278 0.0194962 0.0072929 0.0067311 0.0084314 0.0078586 0.0056003 0.0050374 0.0073140 0.0072949 0.0084510 0.0072983 0.0056053 0.0056055 0.0078613 0.0078711 0.0255005 0.0323578 0.0669927 0.0708452 0.0038672 0.0051682 0.0406212 0.0041991 0.0038672 0.0067915 0.0077800 0.0064653 0.0127707 0.0144514 0.0144574 0.0146911 0.0286411 0.0310786 0.0279887 0.0285947 0.0335526 0.0298171 0.0279736 0.0691125 0.0201083 0.0243354 0.0189360 0.0213520 0.0704746 0.0697302 0.0697892 0.0704746 0.0706156 0.0342429 0.0323671 0.0697916 0.0335560 0.0381563 0.0439711 0.0368296 0.0448935 0.0239358 0.0159898 0.0154268 0.0310560 0.0292163 0.0311135 0.0292572 0.0310700 0.0267500 0.0189384 0.0118793 0.0242852 0.0261040 0.0183587 0.0230872 0.0203605 0.0211834 0.0219950 0.0203849 0.0194895 0.0124797 0.0222650 0.0170556 0.0142710 0.0207862 0.0208218 0.0194921 0.0067319 0.0118799 0.0136691 0.0090082 0.0050402 0.0084247 0.0491367 0.0095791 0.0104215 0.0094430 0.0176515 0.0201194 0.0195140 0.0291204 0.0310109 0.0410968 0.0414785 0.0311563 0.0556223 0.0295748 0.0343771 0.0177698 0.0201458 0.0231251 0.0316624 0.0171978 0.0183237 0.0177402 0.0177941 0.0166203 0.0177346 0.0107052 0.0077695 0.0071179 0.0061481 0.0061392 0.0154746 0.0081259 0.0218137 0.0257597 0.0067481 0.0171825 0.0201069 0.0177652 0.0189971 0.0153830 0.0084400 0.0377544 0.0303449 0.0303817 0.0247971 0.0285731 0.0309643 0.0273141 0.0272933 0.0309926 0.0285187 0.0278965 0.0242826 0.0260102 0.0218445 
A_Bangladesh_8004_2010_2010-09-16     0.0219372 0.0267642 0.0147852 0.0038647 0.0104131 0.0104309 0.0104252 0.0144721 0.0195226 0.0035419 0.0191875 0.0100938 0.0022501 0.0114226 0.0114118 0.0000000 0.0191868 0.0147698 0.0154582 0.0154351 0.0303395 0.0340708 0.0254811 0.0286997 0.0304125 0.0236960 0.0249033 0.0236960 0.0242931 0.0273798 0.0334201 0.0351030 0.0325102 0.0324548 0.0392040 0.0355334 0.0347630 0.0336007 0.0298967 0.0201293 0.0177486 0.0260874 0.0136088 0.0130403 0.0147724 0.0141845 0.0118870 0.0113144 0.0136495 0.0136128 0.0148081 0.0136191 0.0118981 0.0118984 0.0141895 0.0142078 0.0322300 0.0392688 0.0706338 0.0745578 0.0107451 0.0120736 0.0454125 0.0101054 0.0107441 0.0117341 0.0127418 0.0114032 0.0198520 0.0215717 0.0215808 0.0223072 0.0317842 0.0342492 0.0311195 0.0317322 0.0367531 0.0329692 0.0311025 0.0727834 0.0267193 0.0290819 0.0255258 0.0280070 0.0741622 0.0734054 0.0734683 0.0741622 0.0743122 0.0337472 0.0318673 0.0734709 0.0330596 0.0452284 0.0511845 0.0419545 0.0521738 0.0317726 0.0225155 0.0219500 0.0342241 0.0323624 0.0342881 0.0324082 0.0342397 0.0335170 0.0255293 0.0182979 0.0309855 0.0328464 0.0249411 0.0334203 0.0282108 0.0289520 0.0298752 0.0282453 0.0260783 0.0189230 0.0286914 0.0248231 0.0219388 0.0285995 0.0273036 0.0271982 0.0130418 0.0182988 0.0201519 0.0153664 0.0113209 0.0147604 0.0561662 0.0159488 0.0174400 0.0164504 0.0254546 0.0267344 0.0261117 0.0322555 0.0341743 0.0460161 0.0447586 0.0358422 0.0570480 0.0342561 0.0390839 0.0243402 0.0267700 0.0298117 0.0348367 0.0237624 0.0248926 0.0242988 0.0243740 0.0231770 0.0242910 0.0136133 0.0147178 0.0140545 0.0130769 0.0130567 0.0226233 0.0151069 0.0284379 0.0312087 0.0130744 0.0237409 0.0267173 0.0243337 0.0242323 0.0183547 0.0147880 0.0409921 0.0334948 0.0335359 0.0314851 0.0317085 0.0341224 0.0304298 0.0304064 0.0341538 0.0316474 0.0310163 0.0309829 0.0327273 0.0284788 
A_Bangladesh_9745_2007_2007-05-02     0.0016715 0.0107386 0.0055029 0.0184998 0.0097839 0.0107917 0.0097952 0.0061631 0.0028946 0.0181676 0.0006415 0.0094635 0.0168162 0.0107950 0.0121136 0.0191868 0.0000000 0.0054973 0.0074856 0.0074747 0.0095695 0.0130332 0.0039066 0.0090534 0.0084501 0.0022280 0.0095600 0.0022280 0.0027872 0.0067444 0.0124409 0.0237901 0.0213337 0.0212987 0.0230447 0.0242622 0.0153708 0.0200784 0.0142196 0.0067485 0.0044794 0.0044692 0.0107607 0.0124923 0.0136490 0.0136379 0.0113382 0.0107650 0.0119438 0.0124901 0.0142604 0.0130716 0.0113487 0.0113491 0.0136427 0.0136603 0.0136099 0.0195384 0.0533215 0.0569384 0.0101162 0.0114475 0.0267631 0.0104662 0.0101153 0.0130989 0.0141151 0.0127659 0.0016063 0.0074420 0.0074451 0.0020488 0.0154135 0.0177528 0.0153814 0.0159636 0.0189402 0.0153940 0.0136409 0.0553445 0.0050371 0.0090293 0.0101388 0.0073174 0.0566533 0.0559501 0.0559953 0.0566533 0.0567629 0.0225226 0.0207245 0.0559972 0.0218839 0.0250318 0.0305760 0.0243969 0.0313801 0.0098490 0.0022289 0.0016725 0.0165704 0.0177501 0.0195563 0.0201312 0.0183252 0.0124779 0.0050390 0.0177535 0.0118659 0.0118824 0.0044777 0.0147526 0.0052137 0.0061855 0.0067861 0.0052197 0.0044677 0.0056078 0.0064928 0.0020743 0.0067786 0.0057059 0.0060337 0.0046159 0.0124938 0.0073117 0.0079061 0.0125056 0.0107712 0.0142144 0.0365027 0.0154029 0.0094430 0.0084649 0.0036486 0.0067315 0.0061612 0.0176929 0.0194929 0.0268811 0.0277684 0.0175914 0.0409257 0.0160227 0.0207545 0.0039147 0.0061764 0.0090232 0.0189017 0.0033557 0.0044696 0.0039086 0.0039199 0.0027957 0.0027869 0.0165422 0.0140958 0.0134322 0.0124513 0.0124327 0.0051689 0.0058240 0.0078405 0.0117289 0.0125250 0.0033529 0.0050368 0.0027915 0.0105655 0.0130912 0.0142410 0.0241935 0.0171249 0.0159534 0.0123985 0.0153775 0.0165225 0.0130365 0.0130269 0.0165371 0.0141907 0.0136040 0.0118642 0.0135560 0.0095509 
A_Bangladesh_9890_2008_2008-07-02     0.0050454 0.0127514 0.0000010 0.0140942 0.0055017 0.0064902 0.0055081 0.0019313 0.0058221 0.0137650 0.0054974 0.0051812 0.0124319 0.0064915 0.0077963 0.0147698 0.0054973 0.0000000 0.0032297 0.0032250 0.0130288 0.0165362 0.0084350 0.0113708 0.0130587 0.0067348 0.0078730 0.0067348 0.0073016 0.0101806 0.0182632 0.0244459 0.0219777 0.0219414 0.0248866 0.0249165 0.0171558 0.0218988 0.0159978 0.0033515 0.0011123 0.0090064 0.0073113 0.0090228 0.0101662 0.0101580 0.0078814 0.0073142 0.0096163 0.0090212 0.0107629 0.0095951 0.0078895 0.0078897 0.0101616 0.0101745 0.0171193 0.0213595 0.0573409 0.0610247 0.0058289 0.0071396 0.0301534 0.0061660 0.0058284 0.0087730 0.0097707 0.0084444 0.0061452 0.0077853 0.0077885 0.0041154 0.0189581 0.0213234 0.0171677 0.0177540 0.0225264 0.0189339 0.0171587 0.0593917 0.0095881 0.0136491 0.0084490 0.0107627 0.0607159 0.0600008 0.0600500 0.0607159 0.0608346 0.0231713 0.0213655 0.0600521 0.0225287 0.0269026 0.0324920 0.0280623 0.0333137 0.0130344 0.0056064 0.0050482 0.0201256 0.0195565 0.0213793 0.0219568 0.0201345 0.0159809 0.0084499 0.0142179 0.0136217 0.0153731 0.0078841 0.0182710 0.0094515 0.0103827 0.0110403 0.0094624 0.0090033 0.0022280 0.0109022 0.0062688 0.0036271 0.0099255 0.0105006 0.0087799 0.0090239 0.0061631 0.0044865 0.0090323 0.0073183 0.0107285 0.0398913 0.0118972 0.0051701 0.0042000 0.0068150 0.0095932 0.0090141 0.0194932 0.0213097 0.0303571 0.0314406 0.0209130 0.0445150 0.0193414 0.0240893 0.0073148 0.0096055 0.0124844 0.0207139 0.0067525 0.0078698 0.0073033 0.0073245 0.0061882 0.0073010 0.0130290 0.0097577 0.0091018 0.0081277 0.0081159 0.0087794 0.0016054 0.0112709 0.0151735 0.0090462 0.0067468 0.0095874 0.0073131 0.0087011 0.0096093 0.0107484 0.0278264 0.0206801 0.0194945 0.0141521 0.0189137 0.0200670 0.0165408 0.0165285 0.0200850 0.0177074 0.0171120 0.0136198 0.0153188 0.0112863 
A_Bhutan_151_2009_2009-06-16          0.0067776 0.0141397 0.0032330 0.0147802 0.0061616 0.0071539 0.0061687 0.0038876 0.0078131 0.0144503 0.0074859 0.0058408 0.0131132 0.0071553 0.0084633 0.0154582 0.0074856 0.0032297 0.0000000 0.0006442 0.0160308 0.0195964 0.0113668 0.0131773 0.0160681 0.0096425 0.0102232 0.0096425 0.0079254 0.0131474 0.0207526 0.0276589 0.0251425 0.0251004 0.0280856 0.0281197 0.0202319 0.0250511 0.0190586 0.0062085 0.0039336 0.0084982 0.0078958 0.0096136 0.0107611 0.0107524 0.0084680 0.0078989 0.0102106 0.0096120 0.0113613 0.0101880 0.0084767 0.0084770 0.0107562 0.0107700 0.0201881 0.0245115 0.0610983 0.0648675 0.0064899 0.0078047 0.0331826 0.0068290 0.0064892 0.0094422 0.0104435 0.0091126 0.0081381 0.0094643 0.0094682 0.0067520 0.0220683 0.0244696 0.0202461 0.0208412 0.0256929 0.0220397 0.0202353 0.0631871 0.0125402 0.0166700 0.0108091 0.0137405 0.0645332 0.0638029 0.0638561 0.0645332 0.0646612 0.0263544 0.0245185 0.0638583 0.0256956 0.0301589 0.0339717 0.0313304 0.0367006 0.0147225 0.0084989 0.0067815 0.0232515 0.0226771 0.0245346 0.0251184 0.0232618 0.0190380 0.0113876 0.0148284 0.0166362 0.0184161 0.0108147 0.0213540 0.0100503 0.0109808 0.0138054 0.0100621 0.0119433 0.0050652 0.0137680 0.0089676 0.0062782 0.0126615 0.0134022 0.0114734 0.0096147 0.0079025 0.0073682 0.0096238 0.0079034 0.0113249 0.0429420 0.0124988 0.0025784 0.0016105 0.0095287 0.0125470 0.0119581 0.0226029 0.0244540 0.0334652 0.0347331 0.0238341 0.0477995 0.0222522 0.0270382 0.0102368 0.0125632 0.0154861 0.0238482 0.0096687 0.0107945 0.0102201 0.0090846 0.0079367 0.0102168 0.0136338 0.0104295 0.0097720 0.0087959 0.0087831 0.0108012 0.0035547 0.0142386 0.0181747 0.0096386 0.0096603 0.0125393 0.0102343 0.0113104 0.0056293 0.0113460 0.0310636 0.0238090 0.0226046 0.0171643 0.0220161 0.0231831 0.0196022 0.0195874 0.0232041 0.0207860 0.0201797 0.0166340 0.0183504 0.0142583 
A_Bhutan_154_2009_2009-06-17          0.0061870 0.0141187 0.0032283 0.0147582 0.0061526 0.0071435 0.0061597 0.0038820 0.0078017 0.0144288 0.0074749 0.0058323 0.0130938 0.0071448 0.0084510 0.0154351 0.0074747 0.0032250 0.0006442 0.0000000 0.0153926 0.0189386 0.0107529 0.0125507 0.0154282 0.0090372 0.0096146 0.0090372 0.0073284 0.0125225 0.0200897 0.0269515 0.0244508 0.0244101 0.0273805 0.0274136 0.0195693 0.0243623 0.0184016 0.0056206 0.0033577 0.0090397 0.0073013 0.0090093 0.0101520 0.0101428 0.0078706 0.0073042 0.0096028 0.0090078 0.0107477 0.0095817 0.0078777 0.0078779 0.0101473 0.0101603 0.0195272 0.0238239 0.0602000 0.0639414 0.0064804 0.0077933 0.0325058 0.0068191 0.0064798 0.0094284 0.0104282 0.0090993 0.0081262 0.0094505 0.0094544 0.0062087 0.0213947 0.0237833 0.0195830 0.0201750 0.0249997 0.0213671 0.0195726 0.0622757 0.0119195 0.0160264 0.0101970 0.0131120 0.0636140 0.0628887 0.0629409 0.0636140 0.0637394 0.0256562 0.0238306 0.0629430 0.0250023 0.0294369 0.0350902 0.0306035 0.0359363 0.0152091 0.0078990 0.0061905 0.0225720 0.0220000 0.0238462 0.0244274 0.0225821 0.0183819 0.0107725 0.0141977 0.0159940 0.0177643 0.0102023 0.0206877 0.0094840 0.0104173 0.0132221 0.0094951 0.0113266 0.0044837 0.0131633 0.0084072 0.0057327 0.0120865 0.0127905 0.0109095 0.0090104 0.0073075 0.0067728 0.0090197 0.0073084 0.0107135 0.0422431 0.0118804 0.0025743 0.0016087 0.0089642 0.0119260 0.0113406 0.0219283 0.0237682 0.0327702 0.0339940 0.0231984 0.0470379 0.0216217 0.0263904 0.0096273 0.0119413 0.0148490 0.0231657 0.0090616 0.0101833 0.0096117 0.0084810 0.0073388 0.0096086 0.0130106 0.0104143 0.0097577 0.0087831 0.0087703 0.0107842 0.0035495 0.0136113 0.0175323 0.0090335 0.0090537 0.0119187 0.0096249 0.0106323 0.0050454 0.0107333 0.0303442 0.0231278 0.0219299 0.0165216 0.0213443 0.0225060 0.0189440 0.0189299 0.0225262 0.0201217 0.0195191 0.0159919 0.0177012 0.0136300 
A_Chennai_0634982_091106_2006-11-09   0.0090071 0.0141399 0.0130522 0.0303155 0.0183223 0.0183603 0.0195305 0.0130791 0.0101400 0.0303328 0.0107126 0.0189382 0.0279119 0.0213213 0.0236598 0.0303395 0.0095695 0.0130288 0.0160308 0.0153926 0.0000000 0.0033527 0.0135737 0.0148324 0.0165209 0.0118536 0.0170480 0.0118536 0.0124277 0.0061665 0.0152957 0.0231470 0.0207014 0.0206674 0.0224082 0.0236207 0.0159215 0.0194526 0.0170942 0.0142085 0.0118821 0.0141538 0.0183148 0.0200847 0.0212652 0.0212477 0.0189059 0.0183223 0.0195431 0.0200811 0.0219068 0.0206766 0.0189238 0.0189244 0.0212553 0.0212833 0.0130085 0.0200892 0.0527435 0.0563555 0.0200859 0.0189093 0.0274369 0.0183491 0.0194972 0.0224264 0.0230616 0.0218347 0.0118536 0.0170480 0.0170480 0.0095685 0.0148033 0.0171343 0.0147725 0.0153527 0.0183171 0.0147846 0.0130380 0.0545790 0.0147477 0.0188753 0.0176457 0.0067372 0.0558828 0.0551829 0.0552274 0.0558828 0.0559905 0.0218860 0.0200948 0.0552292 0.0212508 0.0255830 0.0311256 0.0237514 0.0319326 0.0101366 0.0095706 0.0090122 0.0159565 0.0171318 0.0189302 0.0195036 0.0177053 0.0118794 0.0055927 0.0254673 0.0147139 0.0124338 0.0118774 0.0153022 0.0153247 0.0136295 0.0170496 0.0136075 0.0141489 0.0130337 0.0164953 0.0118532 0.0147878 0.0158806 0.0158826 0.0141472 0.0200870 0.0147784 0.0154085 0.0201066 0.0183329 0.0218347 0.0372765 0.0230616 0.0194822 0.0159932 0.0112778 0.0164874 0.0158943 0.0171318 0.0189302 0.0268071 0.0274111 0.0177196 0.0376591 0.0148094 0.0237152 0.0067216 0.0067304 0.0118643 0.0182800 0.0107379 0.0118552 0.0112839 0.0113175 0.0101701 0.0124266 0.0242119 0.0253873 0.0224269 0.0242729 0.0224269 0.0129995 0.0130325 0.0072848 0.0159068 0.0201381 0.0107285 0.0147467 0.0124477 0.0182176 0.0207081 0.0218762 0.0236306 0.0165633 0.0153923 0.0129885 0.0148163 0.0148013 0.0124767 0.0124676 0.0159759 0.0136308 0.0130446 0.0147591 0.0141496 0.0124187 
