180
A_ARGENTINA_10_2001_2001-06-25        0.0000000 0.0026019 0.0031343 0.0005210 0.0026577 0.0036578 0.0041745 0.0010397 0.0005197 0.0057696 0.0020822 0.0740188 0.0711901 0.0757909 0.0756639 0.0551160 0.0552326 0.0705515 0.0781047 0.0797898 0.0797898 0.0744849 0.0797898 0.0706339 0.0818199 0.0797898 0.0572071 0.0565387 0.0586960 0.0538586 0.0557355 0.0572071 0.0569851 0.0576270 0.0572071 0.0576486 0.0576212 0.0532302 0.0563528 0.0578994 0.0571221 0.0616823 0.0208071 0.0264501 0.0027733 0.0190606 0.0190012 0.0144840 0.0160455 0.0272118 0.0130554 0.0038079 0.0026605 0.0020798 0.0213457 0.0792899 0.0694647 0.0776164 0.0781669 0.0785355 0.0821861 0.0789165 0.0689255 0.0676910 0.0697259 0.0719014 0.0563362 0.0569879 0.0041788 0.0038574 0.0632129 0.0036503 0.0664573 0.0654117 0.0015601 0.0184521 0.0026093 0.0057754 0.0063060 0.0751301 0.0751301 0.0751301 0.0039179 0.0764847 0.0631196 0.0632799 0.0795572 0.0611641 0.0031311 0.0545439 0.0551201 0.0582728 0.0639692 0.0632957 0.0629566 0.0636831 0.0614174 0.0787431 0.0071821 0.0111501 0.0690808 0.0676010 0.0610382 0.0719635 0.0771843 0.0095364 0.0764925 0.0660688 0.0551201 0.0768757 0.0751301 0.0695520 0.0599349 0.0771549 0.0084268 0.0577581 0.0576013 0.0576241 0.0782081 0.0769515 0.0753030 0.0799942 0.0638276 0.0539252 0.0563528 0.0551494 0.0699351 0.0577754 0.0655813 0.0544894 0.0544894 0.0125097 0.0467622 0.0506699 0.0499204 0.0449405 0.0430323 0.0130612 0.0435394 0.0422518 0.0485336 0.0532625 0.0517496 0.0319678 0.0428715 0.0055814 0.0142693 0.0530765 0.0495525 0.0447662 0.0416146 0.0357060 0.0072790 0.0395651 0.0414181 0.0371397 0.0364018 0.0388947 0.0183599 0.0357268 0.0358350 0.0371101 0.0462154 0.0364401 0.0544382 0.0384485 0.0376103 0.0603743 0.0519919 0.0524978 0.0554490 0.0358128 0.0429606 0.0546231 0.0530765 0.0428922 0.0390748 0.0344959 0.0463287 0.0429712 
A_ARGENTINA_13_2001_2001-06-22        0.0026019 0.0000000 0.0047098 0.0020848 0.0037243 0.0057509 0.0067988 0.0020808 0.0020727 0.0073343 0.0036503 0.0756999 0.0728667 0.0774823 0.0773524 0.0567714 0.0568915 0.0722287 0.0801805 0.0814948 0.0814948 0.0761616 0.0814948 0.0723131 0.0835244 0.0814948 0.0588693 0.0582892 0.0603650 0.0555132 0.0573908 0.0588693 0.0586407 0.0592832 0.0588693 0.0593054 0.0592772 0.0548844 0.0580081 0.0595635 0.0587817 0.0633464 0.0219843 0.0282283 0.0044318 0.0208333 0.0207681 0.0161853 0.0177986 0.0289659 0.0147863 0.0065431 0.0053493 0.0036354 0.0231203 0.0813817 0.0715355 0.0796782 0.0802103 0.0805731 0.0844119 0.0806175 0.0706110 0.0693781 0.0713988 0.0735795 0.0579910 0.0586436 0.0068058 0.0055208 0.0648839 0.0052086 0.0681297 0.0670904 0.0041700 0.0202207 0.0052304 0.0062833 0.0089812 0.0768217 0.0768217 0.0768217 0.0056076 0.0781766 0.0647884 0.0656741 0.0812572 0.0628316 0.0046912 0.0562006 0.0567755 0.0599296 0.0659590 0.0652260 0.0648760 0.0656634 0.0633235 0.0807863 0.0088559 0.0127276 0.0707703 0.0692861 0.0627022 0.0739649 0.0792343 0.0111124 0.0781845 0.0677477 0.0567755 0.0785764 0.0768217 0.0712666 0.0618290 0.0793472 0.0101312 0.0594181 0.0592568 0.0592802 0.0802701 0.0789949 0.0773005 0.0820553 0.0654983 0.0555819 0.0580081 0.0568056 0.0716131 0.0594358 0.0672644 0.0561445 0.0561445 0.0142427 0.0486773 0.0526269 0.0518708 0.0468528 0.0449388 0.0147929 0.0454409 0.0441476 0.0504753 0.0525381 0.0510322 0.0338089 0.0447690 0.0072693 0.0160123 0.0523552 0.0514869 0.0466704 0.0435078 0.0375633 0.0089754 0.0414430 0.0407398 0.0364708 0.0357370 0.0407679 0.0201193 0.0350648 0.0376996 0.0389811 0.0481324 0.0383061 0.0564032 0.0403291 0.0394768 0.0623833 0.0539543 0.0544565 0.0574308 0.0376762 0.0448624 0.0565955 0.0523552 0.0447906 0.0409576 0.0363502 0.0482508 0.0448746 
A_ARGENTINA_25_2001_2001-06-29        0.0031343 0.0047098 0.0000000 0.0026151 0.0048096 0.0063143 0.0073692 0.0031350 0.0026075 0.0079092 0.0020868 0.0742299 0.0713911 0.0760093 0.0758815 0.0552637 0.0553809 0.0707504 0.0783431 0.0800239 0.0800239 0.0746969 0.0800239 0.0708333 0.0820611 0.0800239 0.0573617 0.0552272 0.0588559 0.0540023 0.0558850 0.0573617 0.0571385 0.0577824 0.0573617 0.0578041 0.0577766 0.0533720 0.0565042 0.0580563 0.0572762 0.0618511 0.0232554 0.0265173 0.0038898 0.0214971 0.0214294 0.0168072 0.0184449 0.0296498 0.0154145 0.0060161 0.0059052 0.0041815 0.0237924 0.0795339 0.0696752 0.0778516 0.0784018 0.0787708 0.0806864 0.0791469 0.0691200 0.0678817 0.0699216 0.0721050 0.0564875 0.0571413 0.0073768 0.0060951 0.0633872 0.0057664 0.0666423 0.0655940 0.0047215 0.0208809 0.0057906 0.0079171 0.0095436 0.0753462 0.0753462 0.0753462 0.0061924 0.0767055 0.0632934 0.0641764 0.0797898 0.0613316 0.0052461 0.0546899 0.0552677 0.0584302 0.0641549 0.0634739 0.0631328 0.0638671 0.0615880 0.0789797 0.0094455 0.0133459 0.0692763 0.0677911 0.0612050 0.0721746 0.0774168 0.0117187 0.0767133 0.0662532 0.0552677 0.0770990 0.0753462 0.0697520 0.0601002 0.0756793 0.0101411 0.0579143 0.0577566 0.0577795 0.0784452 0.0771825 0.0755238 0.0802368 0.0640039 0.0540693 0.0565042 0.0552972 0.0701320 0.0579316 0.0657646 0.0546351 0.0546351 0.0148700 0.0468917 0.0508136 0.0500614 0.0450647 0.0431516 0.0154215 0.0436598 0.0423672 0.0486700 0.0534144 0.0518961 0.0320522 0.0429888 0.0055945 0.0166490 0.0532273 0.0496913 0.0448902 0.0417281 0.0358012 0.0095735 0.0396721 0.0415305 0.0372396 0.0364993 0.0389995 0.0207757 0.0358222 0.0359310 0.0372099 0.0463435 0.0365378 0.0545935 0.0385525 0.0377113 0.0605509 0.0521398 0.0526469 0.0556086 0.0359086 0.0430794 0.0547795 0.0532273 0.0430096 0.0391806 0.0345877 0.0464574 0.0430901 
A_ARGENTINA_302_2001_2001-08-09       0.0005210 0.0020848 0.0026151 0.0000000 0.0021225 0.0036684 0.0047182 0.0005210 0.0000010 0.0052514 0.0015641 0.0735133 0.0706840 0.0752834 0.0751572 0.0546056 0.0547211 0.0700448 0.0772963 0.0792808 0.0792808 0.0739809 0.0792808 0.0701267 0.0813123 0.0792808 0.0566960 0.0559999 0.0581839 0.0533475 0.0552255 0.0566960 0.0564759 0.0571180 0.0566960 0.0571395 0.0571124 0.0527188 0.0558433 0.0573882 0.0566117 0.0611737 0.0201907 0.0258259 0.0022206 0.0184479 0.0183905 0.0139014 0.0154433 0.0265951 0.0124646 0.0043730 0.0031982 0.0015617 0.0207294 0.0784734 0.0686719 0.0768142 0.0773710 0.0777413 0.0813125 0.0784081 0.0684152 0.0671795 0.0692200 0.0713954 0.0558268 0.0564787 0.0047230 0.0033004 0.0627032 0.0031326 0.0659495 0.0649012 0.0020899 0.0178416 0.0031457 0.0052567 0.0068634 0.0746221 0.0746221 0.0746221 0.0033522 0.0759775 0.0626105 0.0634887 0.0790495 0.0606541 0.0026124 0.0540326 0.0546097 0.0577641 0.0632156 0.0625656 0.0622311 0.0629336 0.0606992 0.0779464 0.0066179 0.0106320 0.0685694 0.0670900 0.0605292 0.0711934 0.0763873 0.0090174 0.0759852 0.0655586 0.0546097 0.0763661 0.0746221 0.0690333 0.0592232 0.0763029 0.0078498 0.0572481 0.0570926 0.0571152 0.0774049 0.0761574 0.0745293 0.0791885 0.0633184 0.0534135 0.0558433 0.0546387 0.0694278 0.0572652 0.0650696 0.0539787 0.0539787 0.0119188 0.0460607 0.0499484 0.0492023 0.0442425 0.0423405 0.0124700 0.0428484 0.0415646 0.0478207 0.0525339 0.0510282 0.0313142 0.0421829 0.0050142 0.0136729 0.0523511 0.0488408 0.0440725 0.0409292 0.0350416 0.0067069 0.0388881 0.0407365 0.0364679 0.0357342 0.0382203 0.0177526 0.0350620 0.0351679 0.0364390 0.0455149 0.0357716 0.0537081 0.0377721 0.0369401 0.0596189 0.0512664 0.0517729 0.0547112 0.0351461 0.0422702 0.0538900 0.0523511 0.0422032 0.0383967 0.0338343 0.0456261 0.0422806 
A_ARGENTINA_311_2001_2001-08-10       0.0026577 0.0037243 0.0048096 0.0021225 0.0000000 0.0058903 0.0069637 0.0015898 0.0021225 0.0075125 0.0037274 0.0750939 0.0721950 0.0769155 0.0767834 0.0557389 0.0558595 0.0715417 0.0802368 0.0810215 0.0810215 0.0755683 0.0810215 0.0716273 0.0831012 0.0810215 0.0578801 0.0552137 0.0594060 0.0544529 0.0563724 0.0578801 0.0576504 0.0583071 0.0578801 0.0583295 0.0583011 0.0531687 0.0570037 0.0585890 0.0577921 0.0624586 0.0213512 0.0282445 0.0028348 0.0208452 0.0207799 0.0161941 0.0178086 0.0289824 0.0147945 0.0050205 0.0053520 0.0037230 0.0231335 0.0793092 0.0715851 0.0797337 0.0781855 0.0806286 0.0822073 0.0801238 0.0698822 0.0686194 0.0706941 0.0729242 0.0569864 0.0576533 0.0069710 0.0055237 0.0640279 0.0053344 0.0673486 0.0662819 0.0042708 0.0202322 0.0053572 0.0069769 0.0091735 0.0762388 0.0762388 0.0762388 0.0056106 0.0776263 0.0639314 0.0648344 0.0807795 0.0619301 0.0048046 0.0551544 0.0557431 0.0589678 0.0660028 0.0657223 0.0653669 0.0657068 0.0639259 0.0808421 0.0088605 0.0130409 0.0700434 0.0685261 0.0617997 0.0740147 0.0792892 0.0113854 0.0776344 0.0669545 0.0550981 0.0780330 0.0762388 0.0705407 0.0624143 0.0771746 0.0101368 0.0584428 0.0582805 0.0583041 0.0803261 0.0790494 0.0779026 0.0821125 0.0646567 0.0545217 0.0570037 0.0557734 0.0709112 0.0584606 0.0664578 0.0550981 0.0550981 0.0142506 0.0487080 0.0526608 0.0519041 0.0468822 0.0449669 0.0148011 0.0454692 0.0441750 0.0505076 0.0552640 0.0537365 0.0338291 0.0447968 0.0072732 0.0160212 0.0550700 0.0515197 0.0466995 0.0435347 0.0375860 0.0089802 0.0414685 0.0433282 0.0390361 0.0382888 0.0407928 0.0201307 0.0376080 0.0377225 0.0390048 0.0481627 0.0383294 0.0564399 0.0403538 0.0395009 0.0624249 0.0539893 0.0544917 0.0574685 0.0376990 0.0448914 0.0566325 0.0550700 0.0448185 0.0409827 0.0363721 0.0482812 0.0449026 
A_ARGENTINA_3758_2001_2001-08-30      0.0036578 0.0057509 0.0063143 0.0036684 0.0058903 0.0000000 0.0029542 0.0041883 0.0054274 0.0079497 0.0052433 0.0762942 0.0736047 0.0792425 0.0791162 0.0582398 0.0583570 0.0729995 0.0797152 0.0830678 0.0830678 0.0767308 0.0830678 0.0730805 0.0849947 0.0830678 0.0602378 0.0597571 0.0616630 0.0570440 0.0588282 0.0602378 0.0600156 0.0606262 0.0602378 0.0606477 0.0606203 0.0570321 0.0600156 0.0608985 0.0601527 0.0645576 0.0232548 0.0289174 0.0058914 0.0214968 0.0214292 0.0156580 0.0184451 0.0296480 0.0154149 0.0073714 0.0064439 0.0049479 0.0225883 0.0809158 0.0710491 0.0792147 0.0797523 0.0801173 0.0839242 0.0822309 0.0714683 0.0702992 0.0722100 0.0742816 0.0570162 0.0600184 0.0089460 0.0072185 0.0660229 0.0094431 0.0691062 0.0681230 0.0040625 0.0184467 0.0132768 0.0094657 0.0089973 0.0786146 0.0786146 0.0786146 0.0061841 0.0799029 0.0659308 0.0667418 0.0828377 0.0640709 0.0074355 0.0576989 0.0582438 0.0612405 0.0654778 0.0647574 0.0644092 0.0651837 0.0628562 0.0803298 0.0094451 0.0120143 0.0716213 0.0702108 0.0651444 0.0735010 0.0787724 0.0121003 0.0799106 0.0687472 0.0582438 0.0802913 0.0792582 0.0721039 0.0613610 0.0788534 0.0107355 0.0607572 0.0606005 0.0606233 0.0798081 0.0785339 0.0768457 0.0815979 0.0678168 0.0571111 0.0594145 0.0582731 0.0724156 0.0607744 0.0682908 0.0576441 0.0576441 0.0137005 0.0481712 0.0521198 0.0513635 0.0463427 0.0457331 0.0142526 0.0449301 0.0436350 0.0499667 0.0547256 0.0531988 0.0345408 0.0455594 0.0089992 0.0154716 0.0545333 0.0508508 0.0474707 0.0442923 0.0383137 0.0107221 0.0422145 0.0440813 0.0397737 0.0390210 0.0402528 0.0195842 0.0370661 0.0384535 0.0384620 0.0476243 0.0390626 0.0559038 0.0410980 0.0402373 0.0618882 0.0519650 0.0539537 0.0569297 0.0384295 0.0456560 0.0560947 0.0545333 0.0442790 0.0417295 0.0370955 0.0477416 0.0443611 
A_ARGENTINA_3759_2001_2001-08-29      0.0041745 0.0067988 0.0073692 0.0047182 0.0069637 0.0029542 0.0000000 0.0052371 0.0064007 0.0099564 0.0062941 0.0785304 0.0758298 0.0814975 0.0813672 0.0604072 0.0605291 0.0752241 0.0825107 0.0853482 0.0853482 0.0789625 0.0853482 0.0753079 0.0872786 0.0853482 0.0624173 0.0620447 0.0638536 0.0592085 0.0609967 0.0624173 0.0621865 0.0627988 0.0624173 0.0628211 0.0627927 0.0591962 0.0621865 0.0630816 0.0623289 0.0667497 0.0244285 0.0300881 0.0069650 0.0226689 0.0225975 0.0179355 0.0196064 0.0308022 0.0165636 0.0078870 0.0069710 0.0059395 0.0249635 0.0837336 0.0738332 0.0819908 0.0825037 0.0828612 0.0869255 0.0836655 0.0737006 0.0725310 0.0744278 0.0765100 0.0591796 0.0621893 0.0104148 0.0083329 0.0682263 0.0078940 0.0713171 0.0703400 0.0045642 0.0220505 0.0137692 0.0104400 0.0095144 0.0808685 0.0808685 0.0808685 0.0073217 0.0821598 0.0681313 0.0682955 0.0851112 0.0662663 0.0084090 0.0598671 0.0604114 0.0634151 0.0681499 0.0673490 0.0669858 0.0678429 0.0654143 0.0830813 0.0105614 0.0181903 0.0738589 0.0724399 0.0673373 0.0761924 0.0815324 0.0141461 0.0821678 0.0709658 0.0604114 0.0825603 0.0815136 0.0743738 0.0639024 0.0818061 0.0118702 0.0629349 0.0627722 0.0627958 0.0825849 0.0812848 0.0795336 0.0843744 0.0700231 0.0586904 0.0615839 0.0598526 0.0746402 0.0623591 0.0705136 0.0598101 0.0598101 0.0160211 0.0507372 0.0547433 0.0539779 0.0489046 0.0469781 0.0165712 0.0474781 0.0461752 0.0525691 0.0573615 0.0558162 0.0357496 0.0468001 0.0101289 0.0178052 0.0571586 0.0535755 0.0487140 0.0455308 0.0395309 0.0118555 0.0434430 0.0453124 0.0410001 0.0402421 0.0427610 0.0219394 0.0395542 0.0396755 0.0409670 0.0501928 0.0402851 0.0585391 0.0423289 0.0414594 0.0645849 0.0560805 0.0565799 0.0595881 0.0396507 0.0468987 0.0587401 0.0564950 0.0468228 0.0429615 0.0383114 0.0503170 0.0469105 
A_ARGENTINA_44_2001_2001-06-29        0.0010397 0.0020808 0.0031350 0.0005210 0.0015898 0.0041883 0.0052371 0.0000000 0.0005197 0.0057707 0.0020826 0.0740357 0.0712062 0.0758083 0.0756812 0.0551282 0.0552448 0.0705675 0.0781236 0.0798083 0.0798083 0.0745018 0.0798083 0.0706499 0.0818389 0.0798083 0.0572198 0.0565519 0.0587091 0.0538705 0.0557478 0.0572198 0.0569977 0.0576397 0.0572198 0.0576614 0.0576340 0.0532419 0.0563653 0.0579122 0.0571347 0.0616960 0.0195760 0.0264559 0.0027739 0.0190649 0.0190054 0.0144871 0.0160490 0.0272177 0.0130583 0.0049145 0.0037385 0.0020808 0.0213504 0.0793092 0.0694816 0.0776351 0.0781855 0.0785542 0.0822073 0.0789347 0.0689411 0.0677064 0.0697416 0.0719177 0.0563486 0.0570005 0.0052425 0.0038582 0.0632270 0.0036510 0.0664723 0.0654265 0.0026098 0.0184562 0.0036663 0.0052469 0.0073838 0.0751473 0.0751473 0.0751473 0.0039187 0.0765022 0.0631337 0.0640134 0.0795756 0.0611777 0.0031318 0.0545559 0.0551323 0.0582857 0.0639842 0.0633102 0.0629709 0.0636981 0.0614313 0.0787619 0.0071836 0.0111524 0.0690965 0.0676164 0.0610518 0.0719804 0.0772027 0.0095383 0.0765100 0.0660837 0.0551323 0.0768934 0.0751473 0.0695681 0.0599484 0.0771746 0.0084286 0.0577710 0.0576141 0.0576368 0.0782269 0.0769698 0.0753206 0.0800134 0.0638419 0.0539371 0.0563653 0.0551615 0.0699509 0.0577882 0.0655962 0.0545014 0.0545014 0.0125124 0.0467731 0.0506819 0.0499321 0.0449509 0.0430422 0.0130640 0.0435495 0.0422615 0.0485449 0.0532751 0.0517617 0.0319750 0.0428814 0.0055826 0.0142725 0.0530890 0.0495640 0.0447766 0.0416242 0.0357141 0.0072805 0.0395742 0.0414276 0.0371481 0.0364101 0.0389036 0.0183639 0.0357349 0.0358432 0.0371186 0.0462261 0.0364484 0.0544510 0.0384574 0.0376189 0.0603887 0.0520041 0.0525101 0.0554621 0.0358209 0.0429705 0.0546360 0.0530890 0.0429021 0.0390837 0.0345037 0.0463394 0.0429811 
A_ARGENTINA_5_2001_2001-06-06         0.0005197 0.0020727 0.0026075 0.0000010 0.0021225 0.0054274 0.0064007 0.0005197 0.0000000 0.0064266 0.0015590 0.0725043 0.0698691 0.0753815 0.0752634 0.0547999 0.0549082 0.0692728 0.0772963 0.0791117 0.0791117 0.0729425 0.0791117 0.0693483 0.0810063 0.0791117 0.0567529 0.0561079 0.0581419 0.0536243 0.0553790 0.0567529 0.0565471 0.0571469 0.0567529 0.0571669 0.0571415 0.0536132 0.0565471 0.0573992 0.0566741 0.0609959 0.0201907 0.0258259 0.0021228 0.0184479 0.0183905 0.0139014 0.0154433 0.0265951 0.0124646 0.0041818 0.0031982 0.0014719 0.0207294 0.0784734 0.0686719 0.0768142 0.0773710 0.0777413 0.0813125 0.0782979 0.0677498 0.0665969 0.0685052 0.0705317 0.0559407 0.0565497 0.0049047 0.0033004 0.0624236 0.0078906 0.0654538 0.0644739 0.0020207 0.0178416 0.0111758 0.0049000 0.0068433 0.0747639 0.0747639 0.0760071 0.0033522 0.0760295 0.0623374 0.0631563 0.0788964 0.0605102 0.0029257 0.0542647 0.0548037 0.0577502 0.0632156 0.0625656 0.0622311 0.0629336 0.0606992 0.0779464 0.0066179 0.0124601 0.0678921 0.0665142 0.0615736 0.0711934 0.0763873 0.0105336 0.0760368 0.0650873 0.0548037 0.0763925 0.0753962 0.0683147 0.0592232 0.0763029 0.0078498 0.0572684 0.0571231 0.0571442 0.0774049 0.0761574 0.0745293 0.0791885 0.0641891 0.0536863 0.0559562 0.0548309 0.0686970 0.0572843 0.0646300 0.0542141 0.0542141 0.0119188 0.0460607 0.0499484 0.0492023 0.0442425 0.0423405 0.0124700 0.0428484 0.0415646 0.0478207 0.0525339 0.0510282 0.0313142 0.0421829 0.0050142 0.0136729 0.0523511 0.0488408 0.0440725 0.0409292 0.0350416 0.0067069 0.0388881 0.0407365 0.0364679 0.0357342 0.0382203 0.0177526 0.0350620 0.0351679 0.0364390 0.0455149 0.0357716 0.0537081 0.0377721 0.0369401 0.0596189 0.0512664 0.0517729 0.0547112 0.0351461 0.0422702 0.0538900 0.0523511 0.0422032 0.0383967 0.0338343 0.0456261 0.0422806 
A_ARGENTINA_5995_2000_2000-10-03      0.0057696 0.0073343 0.0079092 0.0052514 0.0075125 0.0079497 0.0099564 0.0057707 0.0064266 0.0000000 0.0068303 0.0668299 0.0642501 0.0696300 0.0695228 0.0494785 0.0495746 0.0636616 0.0722994 0.0732564 0.0732564 0.0672744 0.0732564 0.0649535 0.0751212 0.0732564 0.0513826 0.0508344 0.0527308 0.0483219 0.0500491 0.0513826 0.0511994 0.0517887 0.0513826 0.0518067 0.0517841 0.0483120 0.0511994 0.0520136 0.0513125 0.0555512 0.0177846 0.0220654 0.0080577 0.0137125 0.0160034 0.0127388 0.0154113 0.0218939 0.0101431 0.0100516 0.0086249 0.0049469 0.0183248 0.0726711 0.0651877 0.0718563 0.0711630 0.0715464 0.0751302 0.0724688 0.0621368 0.0609971 0.0629188 0.0648979 0.0529392 0.0512017 0.0114918 0.0077679 0.0569366 0.0079319 0.0599167 0.0589326 0.0050712 0.0154539 0.0148007 0.0074280 0.0100415 0.0690219 0.0690219 0.0690219 0.0055941 0.0702660 0.0568583 0.0576460 0.0730605 0.0550626 0.0044286 0.0489469 0.0506458 0.0523812 0.0585837 0.0568535 0.0565543 0.0583268 0.0550772 0.0717326 0.0010913 0.0089606 0.0647189 0.0633617 0.0561210 0.0651793 0.0715579 0.0110365 0.0702727 0.0595358 0.0494819 0.0705956 0.0696434 0.0630372 0.0536512 0.0731234 0.0033353 0.0518971 0.0517674 0.0517863 0.0709708 0.0697971 0.0683311 0.0729070 0.0592754 0.0483769 0.0506181 0.0495063 0.0630922 0.0519114 0.0590730 0.0489019 0.0489019 0.0118931 0.0433836 0.0471096 0.0464654 0.0415755 0.0396893 0.0124432 0.0402008 0.0389290 0.0451006 0.0524097 0.0509084 0.0312456 0.0395429 0.0095555 0.0136432 0.0495928 0.0461272 0.0414170 0.0382994 0.0324802 0.0112782 0.0362859 0.0381206 0.0338810 0.0331616 0.0356269 0.0177137 0.0324989 0.0350897 0.0338545 0.0428360 0.0331959 0.0509351 0.0351702 0.0343599 0.0567634 0.0485056 0.0490155 0.0519114 0.0325761 0.0396240 0.0511060 0.0495928 0.0395619 0.0357895 0.0312809 0.0429397 0.0396336 
A_ARGENTINA_mc5_2001_2001-06-14       0.0020822 0.0036503 0.0020868 0.0015641 0.0037274 0.0052433 0.0062941 0.0020826 0.0015590 0.0068303 0.0000000 0.0727111 0.0698938 0.0744701 0.0743457 0.0538797 0.0539932 0.0692566 0.0767070 0.0784466 0.0784466 0.0731791 0.0784466 0.0693372 0.0804711 0.0784466 0.0559600 0.0552272 0.0574399 0.0526260 0.0544974 0.0559600 0.0557436 0.0563833 0.0559600 0.0564045 0.0563778 0.0519995 0.0551132 0.0566490 0.0558771 0.0604218 0.0220046 0.0252639 0.0038898 0.0202541 0.0201908 0.0156267 0.0172240 0.0283978 0.0142171 0.0060161 0.0048141 0.0031250 0.0225419 0.0778811 0.0680729 0.0762283 0.0767910 0.0771633 0.0806864 0.0775790 0.0676287 0.0663965 0.0684365 0.0706020 0.0550970 0.0557463 0.0063006 0.0049685 0.0619430 0.0047013 0.0651776 0.0641300 0.0036593 0.0196425 0.0047211 0.0068372 0.0084526 0.0738110 0.0738110 0.0738110 0.0050466 0.0751614 0.0618516 0.0627240 0.0782186 0.0599024 0.0041821 0.0533080 0.0538836 0.0570269 0.0626331 0.0619996 0.0616679 0.0623535 0.0601381 0.0773672 0.0083020 0.0122335 0.0677805 0.0663084 0.0597796 0.0706175 0.0758042 0.0095197 0.0751691 0.0647850 0.0538836 0.0755445 0.0738110 0.0682310 0.0586639 0.0756793 0.0095681 0.0565113 0.0563583 0.0563805 0.0768197 0.0755758 0.0739587 0.0786058 0.0625563 0.0526909 0.0551132 0.0539122 0.0686413 0.0565281 0.0642958 0.0532549 0.0532549 0.0136725 0.0454794 0.0493593 0.0486142 0.0436610 0.0417578 0.0142235 0.0422675 0.0409838 0.0472336 0.0519454 0.0504417 0.0307385 0.0416023 0.0044588 0.0154399 0.0517646 0.0482571 0.0434922 0.0403486 0.0344652 0.0084141 0.0383097 0.0401586 0.0358884 0.0351565 0.0376426 0.0195441 0.0344852 0.0345893 0.0358600 0.0449324 0.0351933 0.0531212 0.0371917 0.0363629 0.0590263 0.0506772 0.0511854 0.0541205 0.0345679 0.0416885 0.0533011 0.0517646 0.0416224 0.0378162 0.0332574 0.0450423 0.0416987 
A_Acre_15093_2010_2010-03-03          0.0740188 0.0756999 0.0742299 0.0735133 0.0750939 0.0762942 0.0785304 0.0740357 0.0725043 0.0668299 0.0727111 0.0000000 0.0019348 0.0217256 0.0234917 0.0158971 0.0186389 0.0068315 0.0292160 0.0235475 0.0239116 0.0161757 0.0242617 0.0189420 0.0252908 0.0238972 0.0190347 0.0169792 0.0200824 0.0145450 0.0155594 0.0169484 0.0152188 0.0172551 0.0172903 0.0169193 0.0186702 0.0172490 0.0152188 0.0179839 0.0169349 0.0118228 0.0765505 0.0797292 0.0771256 0.0760173 0.0757331 0.0707022 0.0749774 0.0797016 0.0664073 0.0804862 0.0767417 0.0738289 0.0756075 0.0308660 0.0221760 0.0297564 0.0295278 0.0297077 0.0322436 0.0245608 0.0152109 0.0152228 0.0091516 0.0074909 0.0162351 0.0162384 0.0767040 0.0767167 0.0141972 0.0812464 0.0169211 0.0135001 0.0714266 0.0723616 0.0831085 0.0707199 0.0786363 0.0217285 0.0213824 0.0220702 0.0719767 0.0220738 0.0145278 0.0111392 0.0242129 0.0138465 0.0705390 0.0155699 0.0158982 0.0159048 0.0208523 0.0202742 0.0199530 0.0205324 0.0155994 0.0293084 0.0677189 0.0708908 0.0179552 0.0172526 0.0144984 0.0241103 0.0297490 0.0727396 0.0220750 0.0145109 0.0152191 0.0221308 0.0217279 0.0158311 0.0135626 0.0313191 0.0681980 0.0155781 0.0158949 0.0172608 0.0308339 0.0296391 0.0283048 0.0311982 0.0145279 0.0193772 0.0158982 0.0204626 0.0158504 0.0172751 0.0141930 0.0162377 0.0155586 0.0747791 0.0377056 0.0269927 0.0251703 0.0359087 0.0485076 0.0752927 0.0345670 0.0333135 0.0239277 0.0270051 0.0269175 0.0409723 0.0391364 0.0761798 0.0741549 0.0244938 0.0397548 0.0351503 0.0431414 0.0365453 0.0784044 0.0358659 0.0416092 0.0411771 0.0404150 0.0359058 0.0776956 0.0371844 0.0424116 0.0314184 0.0371536 0.0404584 0.0264604 0.0425134 0.0390902 0.0314844 0.0246021 0.0251391 0.0301720 0.0398210 0.0444829 0.0270192 0.0244938 0.0339377 0.0444535 0.0384753 0.0372426 0.0339981 
A_Acre_26954_2010_2010-04-04          0.0711901 0.0728667 0.0713911 0.0706840 0.0721950 0.0736047 0.0758298 0.0712062 0.0698691 0.0642501 0.0698938 0.0019348 0.0000000 0.0203223 0.0220769 0.0145253 0.0172514 0.0074802 0.0268666 0.0221290 0.0224903 0.0148076 0.0228385 0.0175558 0.0238632 0.0224768 0.0176412 0.0155106 0.0186824 0.0131802 0.0141893 0.0155685 0.0138507 0.0158763 0.0159085 0.0155419 0.0172803 0.0158708 0.0138507 0.0165977 0.0155562 0.0124760 0.0734863 0.0767437 0.0742073 0.0729512 0.0726811 0.0677817 0.0719342 0.0766945 0.0634835 0.0775812 0.0738167 0.0711597 0.0725612 0.0283752 0.0197920 0.0273610 0.0271520 0.0273604 0.0289392 0.0231389 0.0138435 0.0138543 0.0098026 0.0081401 0.0148616 0.0148647 0.0740166 0.0736959 0.0148531 0.0785147 0.0155437 0.0121440 0.0687111 0.0693351 0.0803035 0.0680975 0.0757667 0.0203250 0.0199808 0.0206651 0.0689694 0.0206685 0.0131646 0.0097967 0.0227928 0.0124876 0.0679248 0.0141988 0.0138528 0.0145324 0.0185581 0.0180462 0.0177617 0.0182749 0.0134513 0.0269946 0.0648109 0.0682609 0.0165714 0.0158740 0.0131382 0.0218531 0.0273540 0.0700734 0.0206696 0.0131494 0.0138510 0.0207216 0.0203245 0.0144060 0.0114180 0.0286909 0.0652391 0.0142063 0.0145233 0.0158816 0.0283916 0.0272534 0.0260328 0.0288549 0.0131647 0.0179820 0.0145264 0.0190581 0.0144829 0.0158946 0.0128314 0.0148640 0.0141886 0.0717453 0.0351060 0.0245049 0.0226989 0.0333194 0.0457751 0.0722618 0.0319964 0.0307546 0.0214707 0.0245161 0.0244372 0.0383359 0.0365124 0.0731335 0.0711235 0.0220356 0.0409325 0.0363188 0.0404684 0.0339494 0.0753331 0.0332798 0.0389670 0.0385257 0.0377787 0.0333165 0.0746308 0.0345820 0.0397518 0.0288795 0.0345537 0.0378188 0.0239703 0.0398451 0.0364696 0.0289395 0.0221322 0.0226710 0.0276453 0.0371873 0.0417941 0.0245287 0.0220356 0.0313732 0.0417666 0.0358591 0.0346358 0.0314283 
A_Argentina_01_2010_2010-12-27        0.0757909 0.0774823 0.0760093 0.0752834 0.0769155 0.0792425 0.0814975 0.0758083 0.0753815 0.0696300 0.0744701 0.0217256 0.0203223 0.0000000 0.0029045 0.0176417 0.0204064 0.0186042 0.0057898 0.0022617 0.0025876 0.0199885 0.0029126 0.0131477 0.0038863 0.0025861 0.0208102 0.0188492 0.0218675 0.0162795 0.0173016 0.0187045 0.0169582 0.0190101 0.0190491 0.0186721 0.0204410 0.0190033 0.0169582 0.0197491 0.0186895 0.0155580 0.0768182 0.0828491 0.0803287 0.0762833 0.0759969 0.0725171 0.0752377 0.0816143 0.0666286 0.0836877 0.0785877 0.0767475 0.0715830 0.0027543 0.0145981 0.0026607 0.0026414 0.0031318 0.0041014 0.0051870 0.0094851 0.0094924 0.0203442 0.0192918 0.0179821 0.0179858 0.0796512 0.0769811 0.0172673 0.0842563 0.0179669 0.0078162 0.0731156 0.0726115 0.0862061 0.0735780 0.0804553 0.0006427 0.0003213 0.0009643 0.0722236 0.0009643 0.0165933 0.0162316 0.0029072 0.0159123 0.0733874 0.0173134 0.0176430 0.0176504 0.0232338 0.0237002 0.0233211 0.0240048 0.0145480 0.0030918 0.0679433 0.0737575 0.0121680 0.0114855 0.0162269 0.0152875 0.0026598 0.0756519 0.0009643 0.0088069 0.0169585 0.0022592 0.0006427 0.0098673 0.0190116 0.0029070 0.0684280 0.0173226 0.0176392 0.0190164 0.0032439 0.0026505 0.0025370 0.0046748 0.0169421 0.0211553 0.0176430 0.0222538 0.0189767 0.0190322 0.0084875 0.0179851 0.0173007 0.0750379 0.0403664 0.0256847 0.0276893 0.0385576 0.0499775 0.0755531 0.0371955 0.0359288 0.0264310 0.0295435 0.0282213 0.0423762 0.0405303 0.0757174 0.0744113 0.0269987 0.0463317 0.0415975 0.0445687 0.0379196 0.0786793 0.0372338 0.0430174 0.0425906 0.0418178 0.0366378 0.0750990 0.0385634 0.0438319 0.0340118 0.0398144 0.0418642 0.0251524 0.0439370 0.0404822 0.0307565 0.0271193 0.0276547 0.0288363 0.0412224 0.0485612 0.0289467 0.0269987 0.0365594 0.0458905 0.0398639 0.0373310 0.0366252 
A_Argentina_02_2010_2010-12-27        0.0756639 0.0773524 0.0758815 0.0751572 0.0767834 0.0791162 0.0813672 0.0756812 0.0752634 0.0695228 0.0743457 0.0234917 0.0220769 0.0029045 0.0000000 0.0193842 0.0221689 0.0203470 0.0079406 0.0045456 0.0048756 0.0203555 0.0052034 0.0155262 0.0061836 0.0048729 0.0225804 0.0207169 0.0236462 0.0180132 0.0190420 0.0204575 0.0186960 0.0207615 0.0208044 0.0204217 0.0222067 0.0207541 0.0186960 0.0215101 0.0204410 0.0172823 0.0766798 0.0827030 0.0801897 0.0761457 0.0758604 0.0723912 0.0751030 0.0814694 0.0665131 0.0835439 0.0784517 0.0766258 0.0714560 0.0049867 0.0169457 0.0048162 0.0047810 0.0052484 0.0064848 0.0074930 0.0118336 0.0118428 0.0221009 0.0210394 0.0197267 0.0197308 0.0795244 0.0768445 0.0190039 0.0841203 0.0197098 0.0101471 0.0729978 0.0724818 0.0860634 0.0734632 0.0803190 0.0029049 0.0025807 0.0032287 0.0720954 0.0032292 0.0183263 0.0179598 0.0051937 0.0176407 0.0732732 0.0190550 0.0193856 0.0193938 0.0244429 0.0248793 0.0244798 0.0252004 0.0156485 0.0051810 0.0678264 0.0736421 0.0138654 0.0138520 0.0179546 0.0174948 0.0048146 0.0755320 0.0032294 0.0111467 0.0186964 0.0045405 0.0029048 0.0123130 0.0201483 0.0052647 0.0683082 0.0190652 0.0193815 0.0193909 0.0054373 0.0047975 0.0045910 0.0067906 0.0186782 0.0229278 0.0193856 0.0240383 0.0207247 0.0207858 0.0108278 0.0197300 0.0190410 0.0749039 0.0417651 0.0269720 0.0289980 0.0399477 0.0485671 0.0754184 0.0385733 0.0372981 0.0277299 0.0308647 0.0295296 0.0423084 0.0404657 0.0755820 0.0742785 0.0282992 0.0477763 0.0430028 0.0444965 0.0378596 0.0785374 0.0371750 0.0429484 0.0425220 0.0417509 0.0365800 0.0749647 0.0385023 0.0437611 0.0353671 0.0412124 0.0417961 0.0264401 0.0438658 0.0404177 0.0320846 0.0284264 0.0289615 0.0301488 0.0411555 0.0484816 0.0308812 0.0282992 0.0379327 0.0445066 0.0398005 0.0387146 0.0380016 
A_Argentina_117_2007_2007-06-04       0.0551160 0.0567714 0.0552637 0.0546056 0.0557389 0.0582398 0.0604072 0.0551282 0.0547999 0.0494785 0.0538797 0.0158971 0.0145253 0.0176417 0.0193842 0.0000000 0.0025791 0.0128387 0.0224198 0.0194297 0.0197876 0.0155458 0.0201341 0.0148927 0.0211563 0.0197758 0.0029106 0.0030923 0.0038893 0.0012860 0.0022539 0.0009657 0.0035479 0.0012860 0.0012882 0.0051744 0.0068238 0.0045214 0.0035479 0.0019353 0.0009643 0.0078188 0.0574934 0.0632929 0.0582357 0.0555860 0.0553905 0.0511977 0.0546908 0.0616266 0.0468681 0.0616843 0.0572223 0.0559039 0.0553019 0.0230769 0.0158025 0.0228316 0.0226576 0.0229213 0.0252088 0.0204386 0.0111963 0.0112051 0.0145043 0.0135132 0.0045220 0.0045229 0.0586657 0.0565783 0.0108203 0.0629259 0.0114984 0.0095095 0.0531967 0.0521774 0.0630757 0.0530972 0.0594792 0.0176441 0.0173016 0.0179831 0.0519148 0.0179860 0.0108152 0.0105040 0.0200940 0.0088187 0.0529691 0.0022553 0.0032248 0.0041992 0.0118623 0.0115388 0.0113589 0.0116834 0.0081952 0.0226155 0.0482875 0.0532203 0.0139073 0.0132164 0.0091353 0.0175421 0.0228254 0.0548343 0.0179870 0.0105098 0.0025771 0.0180320 0.0176436 0.0113019 0.0072024 0.0231060 0.0484389 0.0038772 0.0041967 0.0055009 0.0237827 0.0227417 0.0217252 0.0244349 0.0098187 0.0061751 0.0041976 0.0075078 0.0152196 0.0045278 0.0101898 0.0035490 0.0029008 0.0545523 0.0202009 0.0101928 0.0084737 0.0184674 0.0301661 0.0550845 0.0172440 0.0160651 0.0073227 0.0101973 0.0101661 0.0232358 0.0214771 0.0558746 0.0539432 0.0078810 0.0256823 0.0213689 0.0251790 0.0208433 0.0579431 0.0184459 0.0238362 0.0233452 0.0226786 0.0184654 0.0572753 0.0196611 0.0245270 0.0142955 0.0196463 0.0227010 0.0113724 0.0245810 0.0214530 0.0149108 0.0079139 0.0084638 0.0131261 0.0221007 0.0288806 0.0102022 0.0078810 0.0166533 0.0264052 0.0208653 0.0196909 0.0166807 
A_Argentina_146_2007_2007-06-06       0.0552326 0.0568915 0.0553809 0.0547211 0.0558595 0.0583570 0.0605291 0.0552448 0.0549082 0.0495746 0.0539932 0.0186389 0.0172514 0.0204064 0.0221689 0.0025791 0.0000000 0.0155490 0.0258747 0.0222215 0.0225844 0.0182823 0.0229342 0.0176277 0.0239635 0.0225708 0.0048703 0.0058710 0.0045464 0.0038769 0.0048531 0.0035579 0.0061578 0.0038760 0.0038834 0.0077991 0.0094688 0.0051773 0.0061578 0.0045377 0.0035552 0.0104770 0.0576249 0.0634351 0.0583624 0.0557127 0.0555162 0.0513094 0.0548146 0.0617650 0.0469707 0.0618177 0.0573470 0.0560157 0.0554272 0.0267283 0.0193227 0.0263530 0.0261508 0.0263727 0.0291180 0.0232358 0.0138995 0.0139104 0.0151940 0.0162300 0.0071403 0.0071417 0.0587835 0.0567054 0.0125049 0.0630540 0.0141964 0.0121928 0.0533049 0.0522950 0.0632068 0.0532018 0.0596065 0.0204092 0.0200634 0.0207507 0.0520312 0.0207541 0.0135033 0.0131949 0.0228881 0.0114879 0.0530731 0.0048562 0.0058326 0.0068161 0.0151979 0.0147808 0.0145490 0.0149672 0.0113398 0.0260185 0.0483926 0.0533253 0.0166391 0.0159387 0.0118041 0.0208679 0.0263462 0.0549438 0.0207553 0.0132024 0.0051790 0.0208077 0.0204086 0.0141145 0.0103557 0.0269559 0.0485460 0.0064933 0.0068120 0.0081285 0.0273711 0.0262489 0.0250682 0.0278788 0.0124983 0.0088186 0.0068134 0.0101703 0.0179553 0.0071496 0.0128831 0.0061597 0.0055057 0.0546755 0.0202411 0.0102123 0.0119461 0.0185040 0.0302285 0.0552087 0.0172780 0.0160966 0.0107769 0.0136916 0.0136492 0.0232825 0.0215201 0.0560012 0.0540649 0.0101840 0.0257343 0.0214115 0.0252301 0.0208849 0.0580753 0.0184824 0.0238841 0.0233923 0.0227242 0.0185020 0.0574057 0.0197002 0.0245767 0.0143233 0.0196853 0.0227466 0.0148882 0.0246309 0.0214959 0.0184822 0.0113846 0.0119319 0.0166673 0.0221451 0.0289401 0.0136983 0.0113368 0.0166861 0.0264591 0.0209070 0.0197301 0.0167136 
A_Argentina_27724_2010_2010-08-23     0.0705515 0.0722287 0.0707504 0.0700448 0.0715417 0.0729995 0.0752241 0.0705675 0.0692728 0.0636616 0.0692566 0.0068315 0.0074802 0.0186042 0.0203470 0.0128387 0.0155490 0.0000000 0.0263024 0.0203948 0.0207530 0.0131258 0.0210992 0.0158553 0.0221200 0.0207406 0.0159320 0.0137069 0.0169663 0.0115004 0.0125044 0.0138732 0.0121677 0.0141828 0.0142114 0.0138497 0.0155748 0.0141778 0.0121677 0.0148959 0.0138623 0.0088133 0.0727972 0.0760753 0.0735515 0.0722612 0.0719939 0.0671193 0.0712483 0.0760214 0.0628163 0.0769316 0.0731590 0.0705570 0.0718753 0.0277784 0.0197969 0.0267862 0.0265816 0.0267971 0.0289485 0.0214016 0.0121615 0.0121709 0.0029032 0.0006427 0.0131734 0.0131761 0.0734123 0.0730167 0.0111585 0.0779044 0.0138513 0.0104738 0.0680958 0.0686504 0.0796786 0.0675026 0.0751233 0.0186067 0.0182644 0.0189453 0.0682887 0.0189484 0.0128242 0.0081415 0.0210573 0.0108143 0.0673316 0.0125127 0.0128397 0.0128449 0.0180012 0.0175049 0.0172290 0.0177266 0.0129262 0.0264389 0.0641486 0.0676645 0.0148724 0.0141807 0.0114640 0.0213073 0.0267792 0.0694704 0.0189494 0.0114737 0.0121679 0.0189968 0.0186062 0.0126541 0.0108925 0.0280617 0.0645657 0.0125192 0.0128370 0.0141875 0.0278064 0.0266809 0.0254865 0.0282936 0.0114870 0.0162710 0.0128397 0.0173371 0.0128015 0.0141990 0.0111551 0.0131755 0.0125037 0.0710614 0.0344888 0.0239058 0.0221024 0.0327031 0.0451358 0.0715790 0.0313835 0.0301435 0.0208768 0.0239167 0.0238399 0.0377127 0.0358906 0.0724481 0.0704395 0.0214417 0.0365038 0.0319642 0.0398386 0.0333321 0.0746443 0.0326643 0.0383429 0.0378992 0.0371551 0.0327003 0.0739428 0.0339637 0.0391243 0.0282716 0.0339360 0.0371944 0.0233702 0.0392160 0.0358486 0.0289484 0.0215355 0.0220753 0.0270394 0.0365638 0.0411619 0.0239291 0.0214417 0.0307613 0.0411348 0.0352386 0.0340165 0.0308152 
A_Argentina_27826_2010_2010-09-06     0.0781047 0.0801805 0.0783431 0.0772963 0.0802368 0.0797152 0.0825107 0.0781236 0.0772963 0.0722994 0.0767070 0.0292160 0.0268666 0.0057898 0.0079406 0.0224198 0.0258747 0.0263024 0.0000000 0.0047244 0.0047244 0.0274297 0.0047244 0.0172206 0.0063122 0.0052539 0.0247697 0.0250575 0.0288830 0.0212894 0.0229823 0.0241971 0.0212894 0.0246855 0.0247697 0.0241274 0.0242161 0.0224098 0.0207256 0.0247903 0.0241649 0.0223610 0.0807878 0.0868123 0.0833567 0.0802550 0.0799497 0.0753051 0.0791782 0.0851802 0.0704048 0.0870293 0.0818673 0.0794216 0.0754688 0.0079807 0.0163806 0.0075615 0.0075952 0.0080533 0.0097015 0.0084298 0.0145152 0.0145337 0.0292221 0.0274524 0.0229823 0.0212904 0.0812208 0.0808934 0.0252170 0.0787774 0.0252252 0.0117460 0.0764656 0.0765281 0.0780865 0.0745057 0.0830425 0.0052600 0.0052600 0.0052600 0.0761143 0.0063223 0.0201400 0.0223456 0.0047140 0.0207024 0.0749803 0.0218747 0.0224223 0.0224265 0.0251730 0.0262919 0.0258555 0.0258555 0.0167344 0.0079289 0.0716998 0.0730587 0.0167547 0.0156184 0.0206685 0.0184234 0.0076462 0.0766055 0.0063229 0.0122906 0.0207256 0.0026118 0.0052600 0.0155025 0.0214120 0.0082313 0.0722520 0.0219017 0.0218483 0.0218561 0.0071364 0.0064912 0.0063285 0.0095721 0.0246972 0.0253441 0.0207256 0.0213008 0.0240574 0.0236013 0.0128642 0.0218561 0.0218561 0.0789658 0.0437316 0.0288263 0.0308769 0.0419083 0.0535070 0.0794775 0.0405196 0.0392366 0.0295988 0.0327553 0.0314062 0.0457752 0.0419522 0.0796522 0.0783356 0.0301684 0.0497864 0.0449747 0.0480152 0.0412623 0.0826595 0.0405621 0.0464243 0.0460087 0.0452163 0.0399618 0.0790308 0.0419152 0.0472618 0.0372922 0.0431800 0.0452663 0.0282967 0.0473769 0.0438590 0.0339811 0.0303048 0.0308378 0.0320292 0.0446164 0.0520650 0.0327730 0.0301684 0.0398750 0.0493559 0.0432348 0.0406700 0.0380152 
A_Argentina_27891_2010_2010-09-15     0.0797898 0.0814948 0.0800239 0.0792808 0.0810215 0.0830678 0.0853482 0.0798083 0.0791117 0.0732564 0.0784466 0.0235475 0.0221290 0.0022617 0.0045456 0.0194297 0.0222215 0.0203948 0.0047244 0.0000000 0.0003213 0.0217931 0.0006427 0.0148842 0.0016079 0.0003213 0.0226342 0.0207690 0.0237028 0.0180553 0.0190867 0.0205058 0.0187399 0.0208105 0.0208536 0.0204699 0.0222595 0.0208030 0.0187399 0.0215611 0.0204892 0.0173225 0.0802692 0.0862658 0.0844959 0.0797344 0.0794305 0.0766351 0.0786582 0.0859004 0.0698791 0.0878503 0.0827395 0.0805327 0.0749441 0.0055657 0.0169906 0.0053755 0.0053351 0.0057989 0.0071100 0.0042029 0.0111899 0.0111987 0.0221531 0.0210889 0.0197731 0.0197772 0.0834752 0.0803827 0.0190484 0.0881645 0.0197561 0.0095040 0.0769383 0.0760026 0.0902313 0.0772825 0.0845339 0.0022619 0.0019378 0.0025859 0.0755910 0.0025863 0.0183691 0.0180017 0.0019328 0.0176818 0.0770789 0.0190998 0.0194311 0.0194393 0.0262788 0.0266694 0.0262384 0.0270157 0.0173174 0.0057241 0.0711809 0.0774736 0.0138993 0.0132088 0.0179965 0.0181053 0.0053739 0.0794287 0.0025865 0.0105038 0.0187402 0.0012874 0.0022619 0.0116438 0.0218730 0.0052785 0.0717254 0.0191100 0.0194270 0.0208174 0.0060088 0.0053548 0.0051222 0.0073446 0.0187219 0.0229824 0.0194311 0.0240960 0.0207735 0.0208349 0.0101840 0.0197764 0.0190857 0.0784468 0.0431865 0.0282758 0.0303242 0.0413602 0.0529650 0.0789606 0.0399716 0.0386875 0.0290459 0.0322038 0.0308555 0.0452307 0.0414035 0.0791345 0.0778150 0.0296168 0.0492449 0.0444314 0.0474696 0.0407136 0.0821457 0.0400145 0.0458805 0.0454617 0.0446703 0.0394131 0.0785115 0.0413669 0.0467166 0.0367420 0.0426332 0.0447197 0.0277443 0.0468304 0.0433124 0.0334309 0.0297508 0.0302858 0.0314789 0.0440691 0.0515226 0.0322212 0.0296168 0.0393265 0.0488114 0.0426873 0.0401202 0.0374643 
A_Argentina_27893_2010_2010-09-08     0.0797898 0.0814948 0.0800239 0.0792808 0.0810215 0.0830678 0.0853482 0.0798083 0.0791117 0.0732564 0.0784466 0.0239116 0.0224903 0.0025876 0.0048756 0.0197876 0.0225844 0.0207530 0.0047244 0.0003213 0.0000000 0.0221540 0.0003213 0.0152322 0.0019317 0.0006427 0.0229989 0.0211533 0.0240696 0.0184109 0.0194440 0.0208661 0.0190965 0.0211706 0.0212146 0.0208295 0.0226231 0.0211630 0.0190965 0.0219235 0.0208492 0.0176758 0.0802692 0.0862658 0.0844959 0.0797344 0.0794305 0.0766351 0.0786582 0.0859004 0.0698791 0.0878503 0.0827395 0.0805327 0.0749441 0.0055657 0.0169906 0.0053755 0.0053351 0.0057989 0.0071100 0.0045312 0.0115320 0.0115411 0.0225148 0.0214484 0.0201315 0.0201357 0.0834752 0.0803827 0.0194049 0.0881645 0.0201141 0.0098428 0.0769383 0.0760026 0.0902313 0.0772825 0.0845339 0.0025879 0.0022632 0.0029124 0.0755910 0.0029128 0.0187246 0.0183561 0.0022574 0.0180361 0.0770789 0.0194573 0.0197890 0.0197974 0.0262788 0.0266694 0.0262384 0.0270157 0.0173174 0.0057241 0.0711809 0.0774736 0.0142465 0.0135544 0.0183508 0.0181053 0.0053739 0.0794287 0.0029130 0.0108443 0.0190969 0.0016110 0.0025878 0.0120004 0.0218730 0.0052785 0.0717254 0.0194677 0.0197847 0.0211777 0.0060088 0.0053548 0.0051222 0.0073446 0.0190782 0.0233477 0.0197890 0.0244641 0.0211329 0.0211955 0.0105244 0.0201348 0.0194429 0.0784468 0.0431865 0.0282758 0.0303242 0.0413602 0.0529650 0.0789606 0.0399716 0.0386875 0.0290459 0.0322038 0.0308555 0.0452307 0.0414035 0.0791345 0.0778150 0.0296168 0.0492449 0.0444314 0.0474696 0.0407136 0.0821457 0.0400145 0.0458805 0.0454617 0.0446703 0.0394131 0.0785115 0.0413669 0.0467166 0.0367420 0.0426332 0.0447197 0.0277443 0.0468304 0.0433124 0.0334309 0.0297508 0.0302858 0.0314789 0.0440691 0.0515226 0.0322212 0.0296168 0.0393265 0.0488114 0.0426873 0.0401202 0.0374643 
